ID,FiltRaces,QuestTitle_lang,BulletText_lang,UniqueBitFlag,ConditionID,FiltActiveQuest,FiltClasses,FiltCompletedQuestLogic,FiltMaxFactionID,FiltMaxFactionValue,FiltMinFactionID,FiltMinFactionValue,FiltMinSkillID,FiltMinSkillValue,FiltNonActiveQuest,BreadCrumbID,StartItem,WorldStateExpressionID,QuestInfoID,ContentTuningID,CovenantID,Field_9_0_2_36206_022,Flags[0],Flags[1],Flags[2],FiltCompletedQuest[0],FiltCompletedQuest[1],FiltCompletedQuest[2]
31697,-1,Jeremy's Test Quest,,22887,0,0,-1,0,0,0,0,0,0,0,0,0,0,0,109,798,0,3,3735552,131072,0,0,0,0
33145,-6184943489809468494,Grimmfrostberg,,15222,0,0,-1,0,0,0,0,0,0,0,0,0,0,0,0,64,0,3,34144256,8192,0,0,0,0
34076,6130900294268439629,Die Begräbnisfelder,,15961,0,0,-1,0,0,0,0,0,0,0,0,0,0,0,0,63,0,3,34144256,0,0,0,0,0
34496,6130900294268439629,Die Hügel von Valuun,,16321,0,0,-1,0,0,0,0,0,0,0,0,0,0,0,0,63,0,3,34144256,0,0,0,0,0
34501,-6184943489809468494,Frostbrandhöhle,,16326,0,0,-1,0,0,0,0,0,0,0,0,0,0,0,0,64,0,3,38338560,8192,0,0,0,0
34504,6130900294268439629,Blutdornhöhle,,16329,0,0,-1,0,0,0,0,0,0,0,0,0,0,0,0,63,0,3,37289984,0,0,0,0,0
34505,-6184943489809468494,Verbotener Gletscher,,16330,28902,0,-1,0,0,0,0,0,0,0,0,0,0,0,0,64,0,3,34144256,0,0,0,0,0
34639,-1,Aruunas Verheerung,,16398,0,0,-1,0,0,0,0,0,0,0,0,0,0,0,0,66,0,3,589824,0,0,0,0,0
34660,-1,Zorkras Sturz,,16417,0,0,-1,0,0,0,0,0,0,0,0,0,0,0,0,66,0,3,34144256,0,0,0,0,0
34667,-1,Hof der Seelen,,16424,0,0,-1,0,0,0,0,0,0,0,0,0,0,0,0,66,0,3,34144256,0,0,0,0,0
34723,-1,Eisenfausthafen,,16470,0,0,-1,0,0,0,0,0,0,0,0,0,0,0,0,68,0,3,34144256,0,0,0,0,0
34724,-1,Die Vergessenen Höhlen,,18083,0,0,-1,0,0,0,0,0,0,0,0,0,0,0,0,65,0,3,34144256,0,0,0,0,0
34726,-1,Vignette: Fahlspinnenbrutmutter,,18084,0,0,-1,0,0,0,0,0,0,0,0,0,0,0,0,0,0,3,33555464,0,0,0,0,0
34728,6130900294268439629,Das Schimmermoor,,16472,0,0,-1,0,0,0,0,0,0,0,0,0,0,0,0,63,0,3,34144256,0,0,0,0,0
35236,6130900294268439629,Orunaiküste,,16836,0,0,-1,0,0,0,0,0,0,0,0,0,0,0,0,66,0,3,34144256,0,0,0,0,0
35237,-6184943489809468494,Rodung von Mor'gran,,16837,0,0,-1,0,0,0,0,0,0,0,0,0,0,0,0,66,0,3,34144256,0,0,0,0,0
35379,-1,Hemets Schlaraffenland,,16917,0,0,-1,0,0,0,0,0,0,0,0,0,0,0,0,68,0,3,34144256,0,0,0,0,0
35637,6130900294268439629,Angriff auf die Steinzornklippen,,17076,33050,0,-1,0,0,0,0,0,0,0,0,0,0,0,0,816,0,3,41488384,524288,8,0,0,0
35641,-6184943489809468494,Angriff auf die Steinzornklippen,,17483,33050,0,-1,0,0,0,0,0,0,0,0,0,0,0,0,816,0,3,41488384,524288,8,0,0,0
35649,-1,Der Windende Morast,,17018,0,0,-1,0,0,0,0,0,0,0,0,0,0,0,0,67,0,3,34144256,0,0,0,0,0
35881,-1,Ruinen der Ersten Bastion,,17125,0,0,-1,0,0,0,0,0,0,0,0,0,0,0,0,65,0,3,34144256,0,0,0,0,0
35974,6130900294268439629,Angriff auf das Nachtflutnest,,17747,32525,0,-1,0,0,0,0,0,0,0,0,0,0,0,0,816,0,3,37294080,524288,8,0,0,0
35977,-6184943489809468494,Angriff auf das Nachtflutnest,,17748,32525,0,-1,0,0,0,0,0,0,0,0,0,0,0,0,816,0,3,37294080,524288,8,0,0,0
36069,6130900294268439629,Angriff auf Skettis,,17851,32526,0,-1,0,0,0,0,0,0,0,0,0,0,0,0,816,0,3,37294080,524288,8,0,0,0
36070,-6184943489809468494,Angriff auf Skettis,,17852,32526,0,-1,0,0,0,0,0,0,0,0,0,0,0,0,816,0,3,37294080,524288,8,0,0,0
36338,-6184943489809468494,Angriff auf den Hafen von Shattrath,,19214,32529,0,-1,0,0,0,0,0,0,0,0,0,0,0,0,816,0,3,37294080,524288,8,0,0,0
36347,-6184943489809468494,Angriff auf Socrethars Klippe,,19211,32524,0,-1,0,0,0,0,0,0,0,0,0,0,0,0,816,0,3,37294080,524288,8,0,0,0
36348,6130900294268439629,Angriff auf Socrethars Klippe,,19212,32524,0,-1,0,0,0,0,0,0,0,0,0,0,0,0,816,0,3,37294080,524288,8,0,0,0
36383,6130900294268439629,Angriff auf die Grube,,17482,38227,0,-1,0,0,0,0,0,0,0,0,0,0,0,0,816,0,3,37294080,524288,8,0,0,0
36473,-1,Leidensgrat,,17561,27805,0,-1,0,0,0,0,0,0,0,0,0,0,0,0,65,0,3,34144256,0,0,0,0,0
36476,-1,Südliche Gronnschlucht,,17565,27805,0,-1,0,0,0,0,0,0,0,0,0,0,0,0,65,0,3,34144256,0,0,0,0,0
36480,-1,Tal der Zerstörung,,17569,31135,0,-1,0,0,0,0,0,0,0,0,0,0,0,0,65,0,3,34144256,0,0,0,0,0
36489,-6184943489809468494,Angriff auf die Grube,,17482,38227,0,-1,0,0,0,0,0,0,0,0,0,0,0,0,816,0,3,37294080,524288,8,0,0,0
36490,6130900294268439629,Angriff auf die Säulen des Schicksals,,19213,32528,0,-1,0,0,0,0,0,0,0,0,0,0,0,0,816,0,3,37294080,524288,8,0,0,0
36491,-6184943489809468494,Angriff auf die Säulen des Schicksals,,19218,32528,0,-1,0,0,0,0,0,0,0,0,0,0,0,0,816,0,3,37294080,524288,8,0,0,0
36500,-1,Der Klingenflor,,17582,27803,0,-1,0,0,0,0,0,0,0,0,0,0,0,0,65,0,3,38338560,0,0,0,0,0
36504,-1,Immermornquellen,,17599,27803,0,-1,0,0,0,0,0,0,0,0,0,0,0,0,65,0,3,34144256,0,0,0,0,0
36520,-1,Keulenschwanzbecken,,17596,0,0,-1,0,0,0,0,0,0,0,0,0,0,0,0,65,0,3,34144256,0,0,0,0,0
36563,-1,Schwadensumpf,,17619,0,0,-1,0,0,0,0,0,0,0,0,0,0,0,0,65,0,3,34144256,0,0,0,0,0
36564,-1,Schlingenherz,,17620,27803,0,-1,0,0,0,0,0,0,0,0,0,0,0,0,65,0,3,34144256,0,0,0,0,0
36566,-1,Steinbrecherarena,,17622,27805,0,-1,0,0,0,0,0,0,0,0,0,0,0,0,65,0,3,34144256,0,0,0,0,0
36571,-1,Der Iyunwald,,18072,0,0,-1,0,0,0,0,0,0,0,0,0,0,0,0,65,0,3,34144256,0,0,0,0,0
36590,-1,Der Heulende Fels,,17646,0,0,-1,0,0,0,0,0,0,0,0,0,0,0,0,67,0,3,34144256,0,0,0,0,0
36603,-1,Schwefelquellen,,17653,0,0,-1,0,0,0,0,0,0,0,0,0,0,0,0,65,0,3,34144256,0,0,0,0,0
36660,-1,Blutmähnenrevier,,17698,29048,0,-1,0,0,0,0,0,0,0,0,0,0,0,0,67,0,3,34144256,0,0,0,0,0
36792,-1,Messerfaustfestung,,17794,29095,0,-1,0,0,0,0,0,0,0,0,0,0,0,0,67,0,3,34144256,0,0,0,0,0
36807,-6184943489809468494,Angriff auf das Herz von Shattrath,,19215,38228,0,-1,0,0,0,0,0,0,0,0,0,0,0,0,816,0,3,37294080,524288,8,0,0,0
36808,6130900294268439629,Angriff auf den Hafen von Shattrath,,19216,32529,0,-1,0,0,0,0,0,0,0,0,0,0,0,0,816,0,3,37294080,524288,8,0,0,0
36809,6130900294268439629,Angriff auf das Herz von Shattrath,,19217,38228,0,-1,0,0,0,0,0,0,0,0,0,0,0,0,816,0,3,37294080,524288,8,0,0,0
36811,-1,Rückeroberung von Faronaar,,17804,39583,0,-1,2,0,0,0,0,0,0,0,0,0,0,0,331,0,3,570490888,0,0,36920,40815,0
36814,-6184943489809468494,Angriff auf die Immergrüne Wildnis,,19209,32516,0,-1,0,0,0,0,0,0,0,0,0,0,0,0,816,0,3,37294080,524288,0,0,0,0
36815,6130900294268439629,Angriff auf die Immergrüne Wildnis,,19210,32516,0,-1,0,0,0,0,0,0,0,0,0,0,0,0,816,0,3,37294080,524288,0,0,0,0
36816,6130900294268439629,Angriff auf die Zerschlagene Anhöhe,,17808,32522,0,-1,0,0,0,0,0,0,0,0,0,0,0,0,816,0,3,37294080,524288,8,0,0,0
36817,-6184943489809468494,Angriff auf die Zerschlagene Anhöhe,,17809,32522,0,-1,0,0,0,0,0,0,0,0,0,0,0,0,816,0,3,37294080,524288,8,0,0,0
36818,6130900294268439629,Angriff auf den Wachposten von Mok'gol,,17810,32523,0,-1,0,0,0,0,0,0,0,0,0,0,0,0,816,0,3,37294080,524288,8,0,0,0
36819,-6184943489809468494,Angriff auf den Wachposten von Mok'gol,,17811,32523,0,-1,0,0,0,0,0,0,0,0,0,0,0,0,816,0,3,37294080,524288,8,0,0,0
36820,6130900294268439629,Angriff auf das Gorianische Übungsgelände,,18451,31356,0,-1,0,0,0,0,0,0,0,0,0,0,0,0,816,0,3,37289984,524288,8,0,0,0
36821,-6184943489809468494,Angriff auf das Gorianische Übungsgelände,,18452,31356,0,-1,0,0,0,0,0,0,0,0,0,0,0,0,816,0,3,41484288,532480,8,0,0,0
36822,6130900294268439629,Angriff auf das Eiserne Belagerungswerk,,19208,32515,0,-1,0,0,0,0,0,0,0,0,0,0,0,0,816,0,3,37294080,524288,0,0,0,0
36823,-6184943489809468494,Angriff auf das Eiserne Belagerungswerk,,19207,32515,0,-1,0,0,0,0,0,0,0,0,0,0,0,0,816,0,3,37294080,524288,8,0,0,0
36826,6130900294268439629,Angriff auf Magnarok,,17817,32520,0,-1,0,0,0,0,0,0,0,0,0,0,0,0,816,0,3,37294080,524288,8,0,0,0
36827,-6184943489809468494,Angriff auf Magnarok,,17842,32520,0,-1,0,0,0,0,0,0,0,0,0,0,0,0,816,0,3,37294080,524288,8,0,0,0
36860,-1,Angriff auf das Vergessene Anzuversteck,,17848,32527,0,-1,0,0,0,0,0,0,0,0,0,0,0,0,816,0,3,37294080,524288,8,0,0,0
36868,-6184943489809468494,Schlacht um Ashran,,17850,0,0,-1,2,0,0,0,0,0,0,0,0,0,0,0,949,0,3,37294080,0,8,36548,36666,0
36869,-6184943489809468494,Schlacht um Ashran,,17850,0,0,-1,2,0,0,0,0,0,0,0,0,0,0,0,949,0,3,37294080,0,8,36536,36666,0
37280,-1,Fauchtatzenstieg,,18209,0,0,-1,0,0,0,0,0,0,0,0,0,0,0,0,68,0,3,34144256,0,0,0,0,0
37421,-1,Kuuros Bergwerk,,18332,30845,0,-1,0,0,0,0,0,0,0,0,0,0,0,0,66,0,3,34144256,0,0,0,0,0
37422,-1,Zangarra,,18333,30846,0,-1,0,0,0,0,0,0,0,0,0,0,0,0,66,0,3,34144256,0,0,0,0,0
37466,-1,Die verheerte Akademie,,18937,32683,0,-1,0,0,0,0,0,0,0,0,0,0,0,0,331,0,3,34144256,2,32768,0,0,0
37495,-1,Plündert die Höhle,,18385,39582,0,-1,0,0,0,0,0,0,0,0,0,0,0,0,331,0,3,34144256,0,0,37538,0,0
37585,6130900294268439629,Angriff auf das Eiserne Belagerungswerk,,18448,31290,0,-1,0,0,0,0,0,0,0,0,0,0,0,0,816,0,3,37289984,524288,8,0,0,0
37622,-6184943489809468494,Angriff auf das Eiserne Belagerungswerk,,18447,31290,0,-1,0,0,0,0,0,0,0,0,0,0,0,0,816,0,3,37289984,524288,8,0,0,0
37623,6130900294268439629,Angriff auf die Steinzornklippen,,18446,31355,0,-1,0,0,0,0,0,0,0,0,0,0,0,0,816,0,3,41484288,524288,8,0,0,0
37624,-6184943489809468494,Angriff auf die Steinzornklippen,,18444,31355,0,-1,0,0,0,0,0,0,0,0,0,0,0,0,816,0,3,41484288,524288,8,0,0,0
37625,6130900294268439629,Angriff auf Magnarok,,18445,31354,0,-1,0,0,0,0,0,0,0,0,0,0,0,0,816,0,3,37289984,524288,8,0,0,0
37626,-6184943489809468494,Angriff auf Magnarok,,18443,31354,0,-1,0,0,0,0,0,0,0,0,0,0,0,0,816,0,3,37289984,524288,8,0,0,0
37627,6130900294268439629,Angriff auf die Zerschlagene Anhöhe,,18449,31357,0,-1,0,0,0,0,0,0,0,0,0,0,0,0,816,0,3,37289984,524288,8,0,0,0
37628,-6184943489809468494,Angriff auf die Zerschlagene Anhöhe,,18450,31357,0,-1,0,0,0,0,0,0,0,0,0,0,0,0,816,0,3,37289984,524288,8,0,0,0
37629,6130900294268439629,Angriff auf den Wachposten von Mok'gol,,18453,31385,0,-1,0,0,0,0,0,0,0,0,0,0,0,0,816,0,3,37289984,524288,8,0,0,0
37630,-6184943489809468494,Angriff auf den Wachposten von Mok'gol,,18454,31385,0,-1,0,0,0,0,0,0,0,0,0,0,0,0,816,0,3,37289984,524288,8,0,0,0
37631,6130900294268439629,Angriff auf Socrethars Klippe,,18455,31358,0,-1,0,0,0,0,0,0,0,0,0,0,0,0,816,0,3,37289984,524288,8,0,0,0
37632,-6184943489809468494,Angriff auf Socrethars Klippe,,18456,31358,0,-1,0,0,0,0,0,0,0,0,0,0,0,0,816,0,3,37289984,524288,8,0,0,0
37633,6130900294268439629,Angriff auf das Nachtflutnest,,18457,31359,0,-1,0,0,0,0,0,0,0,0,0,0,0,0,816,0,3,37289984,524288,8,0,0,0
37634,-6184943489809468494,Angriff auf das Nachtflutnest,,18458,31359,0,-1,0,0,0,0,0,0,0,0,0,0,0,0,816,0,3,37289984,524288,8,0,0,0
37635,6130900294268439629,Angriff auf den Hafen von Shattrath,,18459,31360,0,-1,0,0,0,0,0,0,0,0,0,0,0,0,816,0,3,37289984,524288,8,0,0,0
37636,-6184943489809468494,Angriff auf den Hafen von Shattrath,,18460,31360,0,-1,0,0,0,0,0,0,0,0,0,0,0,0,816,0,3,37289984,524288,8,0,0,0
37749,-1,Prüfungen des Khadgar: Eiserne Jungfrauen,,18535,0,0,-1,0,0,0,0,0,0,0,0,0,0,0,0,816,0,3,34177024,0,32768,0,0,0
37779,-1,Gut gegen Schuppen,,18565,32683,0,-1,0,0,0,0,0,0,0,0,0,0,0,0,331,0,3,34144256,0,32768,0,0,0
37865,-6184943489809468494,Angriff auf den Eisenfausthafen,,18652,0,0,-1,2,0,0,0,0,0,0,0,0,0,0,0,816,0,3,37294080,524288,8,37946,36666,0
37866,6130900294268439629,Angriff auf den Eisenfausthafen,,18654,0,0,-1,2,0,0,0,0,0,0,0,0,0,0,0,816,0,3,37294080,524288,8,37886,36666,0
37921,6130900294268439629,Aufräumarbeiten an den Docks,,18697,0,0,-1,0,0,0,0,0,0,0,0,0,0,0,0,816,0,3,37289984,524288,0,38253,0,0
37938,6130900294268439629,Angriff auf die Ruinen von Kra'nak,,18716,0,0,-1,2,0,0,0,0,0,0,0,0,0,0,0,816,0,3,37294080,524288,8,37939,36666,0
37963,-1,Nicht zu retten,,18737,65868,0,-1,0,0,0,0,0,0,0,0,0,0,0,0,331,0,3,34144256,0,32768,0,0,0
37965,-1,Ein verderbter Jahrgang,,18744,49271,0,-1,0,0,0,0,0,0,0,0,0,0,0,0,331,0,3,34144256,0,32768,0,0,0
37966,6130900294268439629,Angriff auf den Tempel von Sha'naar,,18740,0,0,-1,2,0,0,0,0,0,0,0,0,0,0,0,816,0,3,37294080,524288,8,37967,36666,0
37970,-6184943489809468494,Angriff auf die Dämonenschmiede,,19110,0,0,-1,2,0,0,0,0,0,0,0,0,0,0,0,816,0,3,37294080,4,8,38437,36666,0
38009,-6184943489809468494,Angriff auf die Ruinen von Kra'nak,,18716,0,0,-1,2,0,0,0,0,0,0,0,0,0,0,0,816,0,3,37294080,524288,8,38010,36666,0
38020,-6184943489809468494,Angriff auf den Tempel von Sha'naar,,18740,0,0,-1,2,0,0,0,0,0,0,0,0,0,0,0,816,0,3,37294080,524288,8,38021,36666,0
38040,-6184943489809468494,Lasst das Blutende Auge bluten,,18801,0,0,-1,2,0,0,0,0,0,0,0,0,0,0,0,816,0,3,37294080,524288,8,38041,36666,0
38043,6130900294268439629,Lasst das Blutende Auge bluten,,18804,0,0,-1,2,0,0,0,0,0,0,0,0,0,0,0,816,0,3,37294080,524288,8,38042,36666,0
38051,6130900294268439629,Schlacht an der Eisernen Front,,18816,0,0,-1,2,0,0,0,0,0,0,0,0,0,0,0,816,0,3,37294080,524288,8,38039,36666,0
38054,-6184943489809468494,Schlacht an der Eisernen Front,,18817,0,0,-1,2,0,0,0,0,0,0,0,0,0,0,0,816,0,3,37294080,524288,8,38038,36666,0
38204,6130900294268439629,Angriff auf das gorianische Übungsgelände,,19251,32530,0,-1,0,0,0,0,0,0,0,0,0,0,0,0,816,0,3,37289984,524288,8,0,0,0
38205,-6184943489809468494,Angriff auf das gorianische Übungsgelände,,19250,32530,0,-1,0,0,0,0,0,0,0,0,0,0,0,0,816,0,3,41484288,532480,8,0,0,0
38343,-1,Macht keinen Hel daraus,,19006,0,0,-1,0,0,0,0,0,0,0,0,0,0,0,0,334,0,3,38338560,8192,32768,38818,0,0
38372,-1,Elende Schwestern,,19044,65870,0,-1,0,0,0,0,0,0,0,0,0,0,0,0,332,0,3,34144256,0,32768,0,0,0
38374,-1,Angriff auf die Drekirjar,,19077,33048,0,-1,0,0,0,0,0,0,0,0,0,0,0,0,334,0,3,38338560,8192,32768,0,0,0
38409,-1,Test Bonus Objective,,19083,0,0,-1,0,0,0,0,0,0,0,0,0,0,0,0,949,0,3,38338560,139264,32768,0,0,0
38439,6130900294268439629,Angriff auf die Dämonenschmiede,,19114,0,0,-1,2,0,0,0,0,0,0,0,0,0,0,0,816,0,3,37294080,4,8,38438,36666,0
38442,-1,Ein würdiger Herausforderer,,19117,35357,0,-1,0,0,0,0,0,0,0,0,0,0,0,0,334,0,3,38338560,8192,0,0,0,0
38569,-6184943489809468494,Säuberung der Docks,,18697,0,0,-1,0,0,0,0,0,0,0,0,0,0,0,0,816,0,3,37289984,0,0,38567,0,0
38587,6130900294268439629,Angriff auf Kil'jaedens Thron,,19269,0,0,-1,2,0,0,0,0,0,0,0,0,0,0,0,816,0,3,37294080,4,8,38583,36666,0
38588,-6184943489809468494,Angriff auf Kil'jaedens Thron,,19270,0,0,-1,2,0,0,0,0,0,0,0,0,0,0,0,816,0,3,37294080,4,8,38584,36666,0
38708,-1,Die Reinigung des Flusses,,19388,0,0,-1,0,0,0,0,0,0,0,0,0,0,0,0,949,0,3,34144256,0,32768,0,0,0
38716,-1,Die Rabenwehr,,19397,0,0,-1,0,0,0,0,0,0,0,0,0,0,0,0,332,0,3,34144256,0,32768,38718,0,0
38748,-1,Ruinen von Shala'nir,,19435,45636,0,-1,0,0,0,0,0,0,0,0,0,0,0,0,332,0,3,34144256,0,32768,38684,0,0
38842,-1,Feenaufruhr,,19533,0,0,-1,0,0,0,0,0,0,0,0,0,0,0,0,332,0,3,34144256,0,32768,0,0,0
38865,-6184943489809468494,Schlacht an der Eisernen Front,,19560,33454,0,-1,0,0,0,0,0,0,0,0,0,0,0,0,816,0,3,37289984,524288,8,0,0,0
38866,6130900294268439629,Schlacht an der Eisernen Front,,19560,33454,0,-1,0,0,0,0,0,0,0,0,0,0,0,0,816,0,3,37289984,524288,8,0,0,0
38868,6130900294268439629,Angriff auf die Ruinen von Kra'nak,,19563,33455,0,-1,0,0,0,0,0,0,0,0,0,0,0,0,816,0,3,37289984,524288,8,0,0,0
38869,-6184943489809468494,Angriff auf die Ruinen von Kra'nak,,19563,33455,0,-1,0,0,0,0,0,0,0,0,0,0,0,0,816,0,3,37289984,524288,8,0,0,0
38870,6130900294268439629,Lasst das Blutende Auge bluten,,19564,33456,0,-1,0,0,0,0,0,0,0,0,0,0,0,0,816,0,3,37289984,524288,8,0,0,0
38871,-6184943489809468494,Lasst das Blutende Auge bluten,,19564,33456,0,-1,0,0,0,0,0,0,0,0,0,0,0,0,816,0,3,37289984,524288,8,0,0,0
38876,-6184943489809468494,Angriff auf die Dämonenschmiede,,19570,33459,0,-1,0,0,0,0,0,0,0,0,0,0,0,0,816,0,3,37289984,4,8,0,0,0
38877,6130900294268439629,Angriff auf die Dämonenschmiede,,19570,33459,0,-1,0,0,0,0,0,0,0,0,0,0,0,0,816,0,3,37289984,4,8,0,0,0
38939,-1,Angriff auf Skold-Ashil,,19630,0,0,-1,0,0,0,0,0,0,0,0,0,0,0,0,334,0,3,38338560,8192,32768,39154,0,0
39029,-1,Verteidigung des Tempels,,19736,65872,0,-1,0,0,0,0,0,0,0,0,0,0,0,0,332,0,3,34144256,0,32768,38641,0,0
39119,-1,Angriff auf Skold-Ashil,,19830,0,0,-1,0,0,0,0,0,0,0,0,0,0,0,0,334,0,3,38338560,8192,32768,39062,0,0
39274,-1,Verteidigung der Flusslande,,19932,74379,0,-1,0,0,0,0,0,0,0,0,0,0,0,0,333,0,3,34144256,0,32768,39496,0,0
39279,-1,Angriff auf Mardum,,19936,38205,0,2048,0,0,0,0,0,0,0,0,0,0,0,0,699,0,3,34144512,0,32768,0,0,0
39317,-1,Belagerung der Scharrfurien,,19968,0,0,-1,0,0,0,0,0,0,0,0,0,0,0,0,333,0,3,34144256,0,32768,38913,0,0
39371,-1,Himmelshexen,,20018,0,0,-1,0,0,0,0,0,0,0,0,0,0,0,0,333,0,3,34144256,0,32768,0,0,0
39393,-1,Das Mondklauental,,20045,39500,0,-1,0,0,0,0,0,0,0,0,0,0,0,0,332,0,3,34144256,0,0,38382,0,0
39424,-1,Alles!,,20069,47899,0,-1,0,0,0,0,0,0,0,0,0,0,18685,109,347,0,3,41484544,0,0,0,0,0
39441,6130900294268439629,Lasst das Blutende Auge bluten,,20103,34867,0,-1,0,0,0,0,0,0,0,0,0,0,0,0,816,0,3,37294080,524288,8,0,0,0
39442,-6184943489809468494,Lasst das Blutende Auge bluten,,20107,34868,0,-1,0,0,0,0,0,0,0,0,0,0,0,0,816,0,3,37294080,524288,8,0,0,0
39443,6130900294268439629,Schlacht an der Eisernen Front,,20097,34872,0,-1,0,0,0,0,0,0,0,0,0,0,0,0,816,0,3,37294080,524288,8,0,0,0
39444,-6184943489809468494,Schlacht an der Eisernen Front,,20098,34871,0,-1,0,0,0,0,0,0,0,0,0,0,0,0,816,0,3,37294080,524288,8,0,0,0
39445,6130900294268439629,Angriff auf die Dämonenschmiede,,20105,34879,0,-1,0,0,0,0,0,0,0,0,0,0,0,0,816,0,3,37294080,4,8,0,0,0
39446,-6184943489809468494,Angriff auf die Dämonenschmiede,,20099,34876,0,-1,0,0,0,0,0,0,0,0,0,0,0,0,816,0,3,37294080,4,8,0,0,0
39447,6130900294268439629,Angriff auf die Ruinen von Kra'nak,,20095,34873,0,-1,0,0,0,0,0,0,0,0,0,0,0,0,816,0,3,37294080,524288,8,0,0,0
39448,-6184943489809468494,Angriff auf die Ruinen von Kra'nak,,20101,34874,0,-1,0,0,0,0,0,0,0,0,0,0,0,0,816,0,3,37294080,524288,8,0,0,0
39449,6130900294268439629,Angriff auf den Tempel von Sha'naar,,20096,34878,0,-1,0,0,0,0,0,0,0,0,0,0,0,0,816,0,3,37294080,524288,8,0,0,0
39450,-6184943489809468494,Angriff auf den Tempel von Sha'naar,,20100,34875,0,-1,0,0,0,0,0,0,0,0,0,0,0,0,816,0,3,37294080,524288,8,0,0,0
39451,6130900294268439629,Angriff auf den Eisenfausthafen,,20094,34869,0,-1,0,0,0,0,0,0,0,0,0,0,0,0,816,0,3,37294080,524288,8,0,0,0
39452,-6184943489809468494,Angriff auf den Eisenfausthafen,,20102,34870,0,-1,0,0,0,0,0,0,0,0,0,0,0,0,816,0,3,37294080,524288,8,0,0,0
39453,6130900294268439629,Angriff auf Kil'jaedens Thron,,20104,34880,0,-1,0,0,0,0,0,0,0,0,0,0,0,0,816,0,3,37294080,4,8,0,0,0
39454,-6184943489809468494,Angriff auf Kil'jaedens Thron,,20106,34877,0,-1,0,0,0,0,0,0,0,0,0,0,0,0,816,0,3,37294080,4,8,0,0,0
39462,-1,Rustikale Rachegefühle,,21861,47899,0,-1,0,0,0,0,0,0,0,0,0,0,18333,109,347,0,3,34144512,0,0,0,0,0
39576,-1,Echos von Todesschwinge,,20221,74379,0,-1,0,0,0,0,0,0,0,0,0,0,0,0,333,0,3,34144256,0,32768,39575,0,0
39742,-1,Das Verlies der Wächterinnen,,20386,0,0,2048,0,0,0,0,0,0,0,0,0,0,0,0,699,0,3,34144512,0,32768,38672,0,0
39998,-1,Treibt die Wellenskorn zurück,,20684,0,0,-1,0,0,0,0,0,0,0,0,0,0,0,0,334,0,3,38338560,8192,32768,40002,0,0
40050,-1,Die Schiffbruchgrotte,,20743,0,0,-1,0,0,0,0,0,0,0,0,0,0,0,0,333,0,3,34144256,0,32768,0,0,0
40111,-1,Vernichtung der Bilgenflosseneindringlinge,,20797,0,0,-1,0,0,0,0,0,0,0,0,0,0,0,0,334,0,3,38338560,8192,32768,0,0,0
40121,-1,Leylinieneinfluss,,20805,0,0,-1,0,0,0,0,0,0,0,0,0,0,0,0,335,0,3,34144256,0,32768,0,0,0
40226,-1,Überbleibsel der Sashj'tar,,20943,0,0,-1,0,0,0,0,0,0,0,0,0,0,0,0,347,0,3,34144256,0,32768,41000,0,0
40277,-1,Kampfnacht: Tiffany Nelson,,21007,38948,0,-1,0,0,0,0,0,0,0,0,0,0,19014,115,347,0,3,3735808,0,0,0,0,0
40278,-1,Auf Geheiß meines Tiers,,21008,48602,0,-1,0,0,0,0,0,0,0,0,0,0,19170,115,347,0,3,3735808,0,0,0,0,0
40279,-1,Training mit Durian,,21009,48602,0,-1,0,0,0,0,0,0,0,0,0,0,18992,115,347,0,3,3735808,0,0,0,0,0
40280,-1,Training mit Bredda,,21010,48602,0,-1,0,0,0,0,0,0,0,0,0,0,18758,115,347,0,3,3735808,0,0,0,0,0
40282,-1,"Kleine Wilderer, kleine Tiere",,21013,48602,0,-1,0,0,0,0,0,0,0,0,0,0,18844,115,347,0,3,3735808,0,0,0,0,0
40298,-1,Kampfnacht: Sir Galveston,,21031,38948,0,-1,0,0,0,0,0,0,0,0,0,0,19015,115,347,0,3,3735808,0,0,0,0,0
40299,-1,Kampfnacht: Bodhi Sonnenreiter,,21032,38948,0,-1,0,0,0,0,0,0,0,0,0,0,19016,115,347,0,3,3735808,0,0,0,0,0
40316,-1,Der Kreischende Felsen,,21055,0,0,-1,0,0,0,0,0,0,0,0,0,0,0,0,333,0,3,37289984,0,32768,0,0,0
40337,-1,Perplex,,21090,38948,0,-1,0,0,0,0,0,0,0,0,0,0,19220,115,347,0,3,3735808,0,0,0,0,0
40390,-1,Geheiligter Boden,,21145,47602,0,2,0,0,0,0,0,0,0,0,0,0,21313,135,347,0,3,37290240,0,0,0,0,0
40850,-1,Gefangene von Graustein,,21692,47899,0,-1,0,0,0,0,0,0,0,0,0,0,18835,109,347,0,3,37290240,0,0,0,0,0
40895,-1,Der Sumpf der Heimsuchung,,21746,47899,0,-1,0,0,0,0,0,0,0,0,0,0,18254,109,347,0,3,34144512,0,0,0,0,0
40896,-1,Trauergesang der Häuptlinge,,21747,47899,0,-1,0,0,0,0,0,0,0,0,0,0,18259,109,347,0,3,37290240,0,0,0,0,0
40920,-1,Steinbinderprämie,,26247,47899,0,-1,0,0,0,0,0,0,0,0,0,0,18828,109,347,0,3,37290240,0,0,39027,0,0
40925,-1,Einbruch in die Beißsteinenklave,,21791,47899,0,-1,0,0,0,0,0,0,0,0,0,0,18834,109,347,0,3,41484544,8192,0,39027,0,0
40951,-1,Basar der Beißsteinenklave,,21829,47899,0,-1,0,0,0,0,0,0,0,0,0,0,18829,109,347,0,3,41484544,8192,0,39027,0,0
40966,-1,Ritualisten sind unter uns,,22074,47899,0,-1,0,0,0,0,0,0,0,0,0,0,18647,109,347,0,3,37290240,0,0,0,0,0
40978,-1,Böse Bären,,21863,47899,0,-1,0,0,0,0,0,0,0,0,0,0,18623,109,347,0,3,37290240,0,0,0,0,0
40979,-1,Wilderer wildern,,21862,47899,0,-1,0,0,0,0,0,0,0,0,0,0,18622,109,347,0,3,37290240,0,0,0,0,0
40980,-1,Eiterbeulenpest,,21864,47899,0,-1,0,0,0,0,0,0,0,0,0,0,18624,109,347,0,3,37290240,0,0,0,0,0
40981,-1,Übergriff der Naga der Schwarzwoge: Hochberg,,26356,38948,0,-1,0,0,0,0,0,0,0,0,0,0,18840,0,347,0,3,37290240,0,0,0,0,0
40984,-1,Übergriff der Naga der Dumpfwasser: Hochberg,,21891,47899,0,-1,0,0,0,0,0,0,0,0,0,0,18841,0,347,0,3,37290240,0,0,0,0,0
40985,-1,Übergriff der Naga der Reifschuppen: Hochberg,,21892,47899,0,-1,0,0,0,0,0,0,0,0,0,0,20815,109,347,0,3,37290240,0,0,0,0,0
41011,-1,Umbralsplitterrituale,,21850,47899,0,-1,0,0,0,0,0,0,0,0,0,0,18649,109,347,0,3,37290240,0,0,0,0,0
41013,-1,Finsterbrularena,,23463,47899,0,-1,0,0,0,0,0,0,0,0,0,0,18196,113,347,0,3,3735808,0,0,0,0,0
41014,-1,Straße der Wut,,26248,47899,0,-1,0,0,0,0,0,0,0,0,0,0,18648,109,347,0,3,41615616,8192,0,0,0,0
41024,-1,Abgesang der Toten,,21901,47899,0,-1,0,0,0,0,0,0,0,0,0,0,18260,109,347,0,3,37290240,0,0,0,0,0
41025,-1,Wiederauferstehung der Gefallenen,,21902,47899,0,-1,0,0,0,0,0,0,0,0,0,0,18261,109,347,0,3,37290240,0,0,0,0,0
41026,-1,Zurück in die Schatten,,21904,47899,0,-1,0,0,0,0,0,0,0,0,0,0,18262,109,347,0,3,37290240,0,0,0,0,0
41055,-1,Rustikale Rachegefühle,,21947,47899,0,-1,0,0,0,0,0,0,0,0,0,0,18334,109,347,0,3,34144512,0,0,0,0,0
41057,-1,Rustikale Rachegefühle,,21951,47899,0,-1,0,0,0,0,0,0,0,0,0,0,18335,109,347,0,3,34144512,0,0,0,0,0
41076,-1,Munitionstests,,21967,47899,0,-1,0,0,0,0,0,0,0,0,0,0,18635,109,347,0,3,36241664,16384,0,0,0,0
41077,-1,Munitionstests,,21968,47899,0,-1,0,0,0,0,0,0,0,0,0,0,18636,109,347,0,3,36241664,16384,0,0,0,0
41078,-1,Munitionstests,,21969,47899,0,-1,0,0,0,0,0,0,0,0,0,0,18637,109,347,0,3,36241664,0,0,0,0,0
41089,-1,Fürsten der Anhöhen,,21987,47899,0,-1,0,0,0,0,0,0,0,0,0,0,18201,136,347,0,3,3735808,0,0,0,0,0
41090,-1,Fürsten der Anhöhen,,21986,47899,0,-1,0,0,0,0,0,0,0,0,0,0,18202,136,347,0,3,3735808,0,0,0,0,0
41091,-1,Fürsten der Anhöhen,,21988,47899,0,-1,0,0,0,0,0,0,0,0,0,0,18203,136,347,0,3,3735808,0,0,0,0,0
41093,-1,GEFAHR: Durguth,,22136,47899,0,-1,0,0,0,0,0,0,0,0,0,0,18213,136,347,0,3,3735872,0,0,0,0,0
41095,-1,Wichtige Ernte,,21997,47899,0,-1,0,0,0,0,0,0,0,0,0,0,18913,109,347,0,3,7930112,0,0,0,0,0
41122,-1,Eingenebelt,,22021,47899,0,-1,0,0,0,0,0,0,0,0,0,0,18927,109,347,0,3,37290240,0,0,0,0,0
41127,-1,Schleimschnauzenpest,,22068,47899,0,-1,0,0,0,0,0,0,0,0,0,0,18929,109,347,0,3,37290240,0,0,0,0,0
41130,-1,Keine Angst vor dem Weiner,,22033,47899,0,-1,0,0,0,0,0,0,0,0,0,0,18255,109,347,0,3,34144512,0,0,0,0,0
41131,-1,Dem Meer verbunden,,22034,47899,0,-1,0,0,0,0,0,0,0,0,0,0,18256,109,347,0,3,34144512,0,0,0,0,0
41132,-1,Königin der Schlangen,,22036,47899,0,-1,0,0,0,0,0,0,0,0,0,0,18258,109,347,0,3,34144512,0,0,0,0,0
41133,-1,Brechende Knochen,,22037,47899,0,-1,0,0,0,0,0,0,0,0,0,0,18257,109,347,0,3,34144512,0,0,0,0,0
41144,-1,Zurück zum Fluss,,22057,47899,0,-1,0,0,0,0,0,0,0,0,0,0,18330,109,347,0,3,37290240,8192,0,0,0,0
41145,-1,Wasser des Lebens,,22058,47899,0,-1,0,0,0,0,0,0,0,0,0,0,18331,109,347,0,3,37290240,0,0,0,0,0
41196,-1,Leysteinbasilisken,,22118,47899,0,-1,0,0,0,0,0,2566,25,0,0,0,18225,120,347,0,3,34144576,0,0,0,0,0
41198,-1,Leysteinbasilisken,,22120,47899,0,-1,0,0,0,0,0,2566,25,0,0,0,18226,120,347,0,3,34144576,0,0,0,0,0
41199,-1,Leysteinrumpler,,22122,47899,0,-1,0,0,0,0,0,2566,25,0,0,0,18227,120,347,0,3,34144576,0,0,0,0,0
41200,-1,Raue Leysteinablagerung,,22121,47899,0,-1,0,0,0,0,0,2566,25,0,0,0,18228,120,347,0,3,34144576,0,0,0,0,0
41201,-1,Grobe Leysteinablagerung,,22123,47899,0,-1,0,0,0,0,0,2566,25,0,0,0,18229,120,347,0,3,34144576,0,0,0,0,0
41202,-1,Spröde Leysteinflöze,,22124,47899,0,-1,0,0,0,0,0,2566,25,0,0,0,18230,120,347,0,3,34144576,0,0,0,0,0
41203,-1,Helles Leysteinvorkommen,,22125,47899,0,-1,0,0,0,0,0,2566,25,0,0,0,18231,120,347,0,3,34144576,0,0,0,0,0
41204,-1,Hartes Leysteinvorkommen,,22126,47899,0,-1,0,0,0,0,0,2566,25,0,0,0,18232,120,347,0,3,34144576,0,0,0,0,0
41205,-1,Warmes Leysteinvorkommen,,22127,47899,0,-1,0,0,0,0,0,2566,25,0,0,0,18233,120,347,0,3,34144576,0,0,0,0,0
41206,-1,Arbeitsauftrag: Leystein,,22128,47899,0,-1,0,0,0,0,0,2566,25,0,0,0,18234,120,347,0,3,524608,0,0,0,0,0
41207,-1,Benötigte Vorräte: Leystein,,22129,47899,0,-1,0,0,0,0,0,0,0,0,0,0,18235,109,347,0,3,524608,0,0,0,0,0
41208,-1,Schwefelzerstörer,,22130,47899,0,-1,0,0,0,0,0,2566,25,0,0,0,18236,120,347,0,3,34144576,0,0,0,0,0
41209,-1,Schwefelzerstörer,,22131,47899,0,-1,0,0,0,0,0,2566,25,0,0,0,18237,120,347,0,3,34144576,0,0,0,0,0
41210,-1,Schwefelzerstörer,,22132,47899,0,-1,0,0,0,0,0,2566,25,0,0,0,18238,120,347,0,3,34144576,0,0,0,0,0
41211,-1,Neltharions Hort: Neltharions Schatz,,22912,42902,0,-1,0,0,0,0,0,0,0,0,0,0,18839,137,347,0,3,35193152,0,2,0,0,0
41219,-1,Blühende Fuchsblume,,22147,47899,0,-1,0,0,0,0,0,2550,25,0,0,0,18251,119,347,0,3,34144576,0,0,0,0,0
41223,-1,Arbeitsauftrag: Fuchsblume,,22151,47899,0,-1,0,0,0,0,0,2550,25,0,0,0,18266,119,347,0,3,524608,0,0,0,0,0
41224,-1,Benötigte Vorräte: Fuchsblume,,22152,47899,0,-1,0,0,0,0,0,0,0,0,0,0,18267,109,347,0,3,524608,0,0,0,0,0
41225,-1,Teufelswurz,,22153,47899,0,-1,0,0,0,0,0,2550,25,0,0,0,18268,119,347,0,3,34144576,0,0,0,0,0
41227,-6184943489809468494,Angriff auf den Turm der Wächterinnen: Cordanas Apex,,24888,47899,0,-1,0,0,0,0,0,0,0,0,0,0,18272,113,347,0,3,37290240,0,0,0,0,0
41228,-1,Fuchsblumenbüschel,,22156,47899,0,-1,0,0,0,0,0,2550,25,0,0,0,18269,119,347,0,3,34144576,0,0,0,0,0
41232,-1,Dicker Eisenhornbalg,,22162,47899,0,-1,0,0,0,0,0,2558,25,0,0,0,18278,124,347,0,3,34144576,0,0,0,0,0
41233,-1,Borstiger Bärenpelz,,22163,47899,0,-1,0,0,0,0,0,2558,25,0,0,0,18279,124,347,0,3,34144576,0,0,0,0,0
41234,-1,Zottiger Säblerbalg,,22164,47899,0,-1,0,0,0,0,0,2558,25,0,0,0,18280,124,347,0,3,34144576,0,0,0,0,0
41235,-1,Arbeitsauftrag: Steinbalgleder,,22165,47899,0,-1,0,0,0,0,0,2558,25,0,0,0,18281,124,347,0,3,524608,0,0,0,0,0
41236,-1,Wo ist unser Wein?,,22168,0,0,-1,0,0,0,0,0,0,0,0,0,0,18626,0,347,0,3,34144512,0,0,41559,0,0
41237,-1,Benötigte Vorräte: Steinbalgleder,,22166,47899,0,-1,0,0,0,0,0,0,0,0,0,0,18282,109,347,0,3,524608,0,0,0,0,0
41238,-1,Verkalkte Wurmschuppen,,22167,47899,0,-1,0,0,0,0,0,2558,25,0,0,0,18283,124,347,0,3,34144576,0,0,0,0,0
41239,-1,Teufelsbalg,,22169,47899,0,-1,0,0,0,0,0,2558,25,0,0,0,18284,124,347,0,3,34144576,0,0,0,0,0
41240,-1,Arbeitsauftrag: Hochberglachs,,22170,47899,0,-1,0,0,0,0,0,356,75,0,0,0,18285,130,347,0,3,524608,0,0,0,0,0
41242,-1,Speckstreifen,,22172,47899,0,-1,0,0,0,0,0,2542,25,0,0,0,18288,131,347,0,3,34144576,0,0,0,0,0
41243,-1,Gewaltiger Hochberglachs,,22173,47899,0,-1,0,0,0,0,0,356,75,0,0,0,18300,130,347,0,3,34144576,0,0,0,0,0
41244,-1,Lebhafter Hochberglachs,,22174,47899,0,-1,0,0,0,0,0,356,75,0,0,0,18301,130,347,0,3,34144576,0,0,0,0,0
41252,-1,Wilder nördlicher Barrakuda,,22182,47899,0,-1,0,0,0,0,0,356,75,0,0,0,18305,130,347,0,3,34144576,0,0,0,0,0
41253,-1,Wandernder Hochberglachs,,22183,47899,0,-1,0,0,0,0,0,356,75,0,0,0,18328,130,347,0,3,34144576,0,0,0,0,0
41257,6130900294268439629,Angriff auf den Turm der Wächterinnen: Cordanas Apex,,22155,47899,0,-1,0,0,0,0,0,0,0,0,0,0,18430,113,347,0,3,37290240,0,0,0,0,0
41259,-1,Speckstreifen,,22209,47901,0,-1,0,0,0,0,0,2542,25,0,0,0,18336,131,347,0,3,34144576,0,0,0,0,0
41260,-1,Speckstreifen,,22210,47895,0,-1,0,0,0,0,0,2542,25,0,0,0,18337,131,347,0,3,34144576,0,0,0,0,0
41261,-1,Speckstreifen,,26359,47897,0,-1,0,0,0,0,0,2542,25,0,0,0,18338,131,347,0,3,34144576,0,0,0,0,0
41262,-1,Speckstreifen,,22212,38948,0,-1,0,0,0,0,0,2542,25,0,0,0,18339,131,347,0,3,34144576,0,0,0,0,0
41264,-1,Lebhafter verfluchter Königinnenfisch,,22214,47901,0,-1,0,0,0,0,0,356,75,0,0,0,18340,130,347,0,3,34144576,0,0,0,0,0
41265,-1,Gewaltiger verfluchter Königinnenfisch,,22215,47901,0,-1,0,0,0,0,0,356,75,0,0,0,18341,130,347,0,3,34144576,0,0,0,0,0
41266,-1,Angeln vom Floß,,22216,47901,0,-1,0,0,0,0,0,356,75,0,0,0,18342,130,347,0,3,34144576,0,0,0,0,0
41267,-1,Arbeitsauftrag: Verfluchter Königinnenfisch,,22217,47901,0,-1,0,0,0,0,0,356,75,0,0,0,18343,130,347,0,3,524608,16384,0,0,0,0
41268,-1,Die Königin der Königinnenfische,,22218,47901,0,-1,0,0,0,0,0,356,75,0,0,0,18344,130,347,0,3,34144576,0,0,0,0,0
41269,-1,Lebhafter Mooskiemenbarsch,,22219,47895,0,-1,0,0,0,0,0,356,75,0,0,0,18345,130,347,0,3,34144576,0,0,0,0,0
41270,-1,Gewaltiger Mooskiemenbarsch,,22220,47895,0,-1,0,0,0,0,0,356,75,0,0,0,18346,130,347,0,3,34144576,0,0,0,0,0
41271,-1,In den Strudel,,22221,47895,0,-1,0,0,0,0,0,356,75,0,0,0,18347,130,347,0,3,34144576,0,0,0,0,0
41272,-1,Arbeitsauftrag: Mooskiemenbarsch,,22222,47895,0,-1,0,0,0,0,0,356,75,0,0,0,18348,130,347,0,3,524608,0,0,0,0,0
41273,-1,Bojenangeln,,22223,47895,0,-1,0,0,0,0,0,356,75,0,0,0,18349,130,347,0,3,34275648,0,0,0,0,0
41274,-1,Lebhafte Sturmrochen,,22224,47897,0,-1,0,0,0,0,0,356,75,0,0,0,18350,130,347,0,3,34144576,0,0,0,0,0
41275,-1,Gewaltiger Sturmrochen,,22225,47897,0,-1,0,0,0,0,0,356,75,0,0,0,18351,130,347,0,3,34144576,0,0,0,0,0
41276,-1,Fischen mit Raketenstiefeln,,22226,47897,0,-1,0,0,0,0,0,356,75,0,0,0,18352,130,347,0,3,34144576,0,0,0,0,0
41277,-1,Arbeitsauftrag: Sturmrochen,,22227,47897,0,-1,0,0,0,0,0,356,75,0,0,0,18353,130,347,0,3,524608,0,0,0,0,0
41278,-1,Glitschiger Sturmrochen,,22228,47897,0,-1,0,0,0,0,0,356,75,0,0,0,18354,130,347,0,3,1769792,8192,0,0,0,0
41279,-1,Lebhafter Runenschuppenkoi,,22229,38948,0,-1,0,0,0,0,0,356,75,0,0,0,18355,130,347,0,3,34144576,0,0,0,0,0
41280,-1,Gewaltiger Runenschuppenkoi,,22230,38948,0,-1,0,0,0,0,0,356,75,0,0,0,18356,130,347,0,3,34144576,0,0,0,0,0
41282,-1,Arbeitsauftrag: Runenschuppenkoi,,22232,45166,0,-1,0,0,0,0,0,356,75,0,0,0,18358,130,347,0,3,524608,0,0,0,0,0
41283,-1,Der Anglermangler,,22233,38948,0,-1,0,0,0,0,0,356,75,0,0,0,18359,130,347,0,3,34144576,0,0,0,0,0
41286,-1,Aethrilbüschel,,22236,47901,0,-1,0,0,0,0,0,2550,25,0,0,0,18371,119,347,0,3,34144576,0,0,0,0,0
41287,-1,Arbeitsauftrag: Aethril,,22237,47901,0,-1,0,0,0,0,0,2550,25,0,0,0,18372,119,347,0,3,524608,0,0,0,0,0
41288,-1,Benötigte Vorräte: Aethril,,22238,47901,0,-1,0,0,0,0,0,0,0,0,0,0,18373,109,347,0,3,524608,0,0,0,0,0
41289,-1,Blühendes Aethril,,22239,47901,0,-1,0,0,0,0,0,2550,25,0,0,0,18374,119,347,0,3,34144576,0,0,0,0,0
41290,-1,Aquäusaethril,,22240,47901,0,-1,0,0,0,0,0,2550,25,0,0,0,18375,119,347,0,3,34144576,0,0,0,0,0
41291,-1,Traumlaubbüschel,,22241,47895,0,-1,0,0,0,0,0,2550,25,0,0,0,18376,119,347,0,3,34144576,0,0,0,0,0
41292,-1,Arbeitsauftrag: Traumlaub,,22242,47895,0,-1,0,0,0,0,0,2550,25,0,0,0,18377,119,347,0,3,524608,0,0,0,0,0
41293,-1,Benötigte Vorräte: Traumlaub,,22243,47895,0,-1,0,0,0,0,0,0,0,0,0,0,18378,109,347,0,3,524608,0,0,0,0,0
41294,-1,Blühendes Traumlaub,,22244,47895,0,-1,0,0,0,0,0,2550,25,0,0,0,18379,119,347,0,3,34144576,0,0,0,0,0
41295,-1,Traumlaubbedecktes Urtum,,22245,47895,0,-1,0,0,0,0,0,2550,25,0,0,0,18380,119,347,0,3,34144576,0,0,0,0,0
41296,-1,Fjarnskagglbüschel,,22246,47897,0,-1,0,0,0,0,0,2550,25,0,0,0,18381,119,347,0,3,34144576,0,0,0,0,0
41297,-1,Arbeitsauftrag: Fjarnskaggl,,22247,47897,0,-1,0,0,0,0,0,2550,25,0,0,0,18382,119,347,0,3,524608,0,0,0,0,0
41298,-1,Benötigte Vorräte: Fjarnskaggl,,22248,47897,0,-1,0,0,0,0,0,0,0,0,0,0,18383,109,347,0,3,524608,0,0,0,0,0
41299,-1,Blühender Fjarnskaggl,,22249,47897,0,-1,0,0,0,0,0,2550,25,0,0,0,18384,119,347,0,3,34144576,0,0,0,0,0
41300,-1,Angesengter Fjarnskaggl,,22250,47897,0,-1,0,0,0,0,0,2550,25,0,0,0,18385,119,347,0,3,34144576,0,0,0,0,0
41301,-1,Sternlichtrosenbüschel,,22251,38948,0,-1,0,0,0,0,0,2550,25,0,0,0,18386,119,347,0,3,34144576,0,0,0,0,0
41302,-1,Arbeitsauftrag: Sternlichtrosen,,22252,45166,0,-1,0,0,0,0,0,2550,25,0,0,0,18387,119,347,0,3,524608,0,0,0,0,0
41303,-1,Benötigte Vorräte: Sternlichtrosen,,22253,45166,0,-1,0,0,0,0,0,0,0,0,0,0,18388,109,347,0,3,524608,0,0,0,0,0
41304,-1,Blühende Sternlichtrosen,,22254,38948,0,-1,0,0,0,0,0,2550,25,0,0,0,18389,119,347,0,3,34144576,0,0,0,0,0
41305,-1,Nachtgeborener Kräuterhändler,,22255,38948,0,-1,0,0,0,0,0,2550,25,0,0,0,18390,119,347,0,3,34144576,0,0,0,0,0
41308,-1,Grenzverstärkungen,,22262,38948,0,-1,0,0,0,0,0,0,0,0,0,0,18392,109,347,0,3,37290240,0,0,0,0,0
41311,-1,Arbeitsauftrag: Leystein,,22267,47901,0,-1,0,0,0,0,0,2566,25,0,0,0,18391,120,347,0,3,524608,0,0,0,0,0
41312,-1,Arbeitsauftrag: Leystein,,22268,47895,0,-1,0,0,0,0,0,2566,25,0,0,0,18393,120,347,0,3,524608,0,0,0,0,0
41313,-1,Arbeitsauftrag: Leystein,,22269,47897,0,-1,0,0,0,0,0,2566,25,0,0,0,18394,120,347,0,3,524608,0,0,0,0,0
41314,-1,Arbeitsauftrag: Teufelsschiefer,,22270,45166,0,-1,0,0,0,0,0,2566,25,0,0,0,18395,120,347,0,3,524608,0,0,0,0,0
41315,-1,Benötigte Vorräte: Leystein,,22271,47901,0,-1,0,0,0,0,0,0,0,0,0,0,18396,109,347,0,3,524608,0,0,0,0,0
41316,-1,Benötigte Vorräte: Leystein,,22272,47895,0,-1,0,0,0,0,0,0,0,0,0,0,18397,109,347,0,3,524608,0,0,0,0,0
41317,-1,Benötigte Vorräte: Leystein,,22273,47897,0,-1,0,0,0,0,0,0,0,0,0,0,18398,109,347,0,3,524608,0,0,0,0,0
41318,-1,Benötigte Vorräte: Teufelsschiefer,,22274,45166,0,-1,0,0,0,0,0,0,0,0,0,0,18399,109,347,0,3,524608,0,0,0,0,0
41322,-1,Unversehrte Hippogryphenschuppe,,22278,47901,0,-1,0,0,0,0,0,2558,25,0,0,0,18401,124,347,0,3,34144576,0,0,0,0,0
41323,-1,Fettige Löwenrobbenhaut,,22279,47901,0,-1,0,0,0,0,0,2558,25,0,0,0,18402,124,347,0,3,34144576,0,0,0,0,0
41324,-1,Seidenes Streunerfell,,22280,47901,0,-1,0,0,0,0,0,2558,25,0,0,0,18403,124,347,0,3,34144576,0,0,0,0,0
41326,-1,Arbeitsauftrag: Sturmschuppen,,22284,47901,0,-1,0,0,0,0,0,2558,25,0,0,0,18405,124,347,0,3,524608,0,0,0,0,0
41327,-1,Benötigte Vorräte: Sturmschuppen,,22285,47901,0,-1,0,0,0,0,0,0,0,0,0,0,18406,109,347,0,3,524608,0,0,0,0,0
41333,-1,Unverwüstlicher Wolfsbalg,,22293,47895,0,-1,0,0,0,0,0,2558,25,0,0,0,18407,124,347,0,3,34144576,0,0,0,0,0
41334,-1,Moschusduftender Bärenbalg,,22291,47895,0,-1,0,0,0,0,0,2558,25,0,0,0,18408,124,347,0,3,34144576,0,0,0,0,0
41336,-1,Grober Moschushirschbalg,,22292,47897,0,-1,0,0,0,0,0,2558,25,0,0,0,18409,124,347,0,3,34144576,0,0,0,0,0
41337,-1,Makelloser Hirschbalg,,22294,47895,0,-1,0,0,0,0,0,2558,25,0,0,0,18410,124,347,0,3,34144576,0,0,0,0,0
41338,-1,Arbeitsauftrag: Steinbalgleder,,22295,47895,0,-1,0,0,0,0,0,2558,25,0,0,0,18411,124,347,0,3,524608,0,0,0,0,0
41339,-1,Benötigte Vorräte: Steinbalgleder,,22296,47895,0,-1,0,0,0,0,0,0,0,0,0,0,18412,109,347,0,3,524608,0,0,0,0,0
41340,-1,Perfekte Sturmdrachenschuppe,,22297,47897,0,-1,0,0,0,0,0,2558,25,0,0,0,18413,124,347,0,3,34144576,0,0,0,0,0
41342,-1,Dicker Bärenbalg,,22299,47897,0,-1,0,0,0,0,0,2558,25,0,0,0,18415,124,347,0,3,34144576,0,0,0,0,0
41343,-1,Festes Krabbenpanzerstück,,22300,47897,0,-1,0,0,0,0,0,2558,25,0,0,0,18416,124,347,0,3,34144576,0,0,0,0,0
41344,-1,Arbeitsauftrag: Sturmschuppen,,22301,47897,0,-1,0,0,0,0,0,2558,25,0,0,0,18417,124,347,0,3,524608,0,0,0,0,0
41345,-1,Benötigte Vorräte: Sturmschuppen,,22302,47897,0,-1,0,0,0,0,0,0,0,0,0,0,18418,109,347,0,3,524608,0,0,0,0,0
41346,-1,Samtiger Pirscherbalg,,22303,38948,0,-1,0,0,0,0,0,2558,25,0,0,0,18419,124,347,0,3,34144576,0,0,0,0,0
41347,-1,Extra-ranziger Teufelshundbalg,,22304,38948,0,-1,0,0,0,0,0,2558,25,0,0,0,18420,124,347,0,3,34144576,0,0,0,0,0
41349,-1,Steinhartes Krebschitin,,22306,38948,0,-1,0,0,0,0,0,2558,25,0,0,0,18422,124,347,0,3,34144576,0,0,0,0,0
41350,-1,Arbeitsauftrag: Steinbalgleder,,22307,45166,0,-1,0,0,0,0,0,2558,25,0,0,0,18423,124,347,0,3,524608,0,0,0,0,0
41351,-1,Benötigte Vorräte: Steinbalgleder,,22308,45166,0,-1,0,0,0,0,0,0,0,0,0,0,18424,109,347,0,3,524608,0,0,0,0,0
41352,-1,Teufelsschieferbasilisken,,22309,38948,0,-1,0,0,0,0,0,2566,25,0,0,0,18425,120,347,0,3,34144576,0,0,0,0,0
41353,-1,Abscheuliche Teufelsschieferablagerung,,22310,38948,0,-1,0,0,0,0,0,2566,25,0,0,0,18427,120,347,0,3,34144576,0,0,0,0,0
41354,-1,Zerschmetterte Teufelsschieferflöze,,22311,38948,0,-1,0,0,0,0,0,2566,25,0,0,0,18428,120,347,0,3,34144576,0,0,0,0,0
41357,-1,Urzeitliche Teufelsschiefervorkommen,,22312,38948,0,-1,0,0,0,0,0,2566,25,0,0,0,18429,120,347,0,3,34144576,0,0,0,0,0
41365,-1,Problem erkannt: Dämonenpakt,,22321,0,0,-1,0,0,0,0,0,0,0,0,0,0,18437,0,331,0,3,3735808,0,0,0,0,0
41414,-1,Todesschwinges Waffen,,26234,47899,0,-1,0,0,0,0,0,0,0,0,0,0,18426,109,347,0,3,37290240,0,0,0,0,0
41416,-1,Rückeroberung des Himmelshorns,,22384,47899,0,-1,0,0,0,0,0,0,0,0,0,0,18631,109,347,0,3,37290240,0,0,0,0,0
41417,-1,Jeremy's Test Criteria-Based Progress Bar,,22382,0,0,-1,0,0,0,0,0,0,0,0,0,0,18632,0,333,0,3,589824,131072,0,0,0,0
41420,-6184943489809468494,Angriff auf den Turm der Wächterinnen: Der Hort des Nachtwächters,,22392,47899,0,-1,0,0,0,0,0,0,0,0,0,0,18430,113,347,0,3,37290240,0,0,0,0,0
41421,6130900294268439629,Angriff auf den Turm der Wächterinnen: Der Hort des Nachtwächters,,24887,47899,0,-1,0,0,0,0,0,0,0,0,0,0,18272,113,347,0,3,37290240,0,0,0,0,0
41427,-1,Abge-Vrekt,,22411,47897,0,-1,0,0,0,0,0,0,0,0,0,0,18656,109,347,0,3,37290240,0,0,0,0,0
41428,-1,Instabiles Portal,,22401,47899,0,-1,0,0,0,0,0,0,0,0,0,0,18686,109,347,0,3,41484544,0,0,0,0,0
41429,-1,Verderbte Wasser,,22402,47899,0,-1,0,0,0,0,0,0,0,0,0,0,18687,109,347,0,3,41484544,0,0,0,0,0
41432,-1,Feurige Leysteinvorkommen,,22413,47899,0,-1,0,0,0,0,0,2566,25,0,0,0,18658,120,347,0,3,34144576,0,0,0,0,0
41433,-1,Große Leysteinvorkommen,,22414,47899,0,-1,0,0,0,0,0,2566,25,0,0,0,18659,120,347,0,3,34144576,0,0,0,0,0
41434,-1,Leuchtende Leysteinvorkommen,,22415,47901,0,-1,0,0,0,0,0,2566,25,0,0,0,18660,120,347,0,3,34144576,0,0,0,0,0
41435,-1,Glatte Leysteinvorkommen,,22416,47901,0,-1,0,0,0,0,0,2566,25,0,0,0,18661,120,347,0,3,34144576,0,0,0,0,0
41437,-1,Feine Leysteinvorkommen,,22417,47901,0,-1,0,0,0,0,0,2566,25,0,0,0,18662,120,347,0,3,34144576,0,0,0,0,0
41438,-1,Geladene Leysteinvorkommen,,22418,47901,0,-1,0,0,0,0,0,2566,25,0,0,0,18663,120,347,0,3,34144576,0,0,0,0,0
41439,-1,Exquisite Leysteinvorkommen,,22419,47895,0,-1,0,0,0,0,0,2566,25,0,0,0,18664,120,347,0,3,34144576,0,0,0,0,0
41440,-1,Prächtige Leysteinvorkommen,,22420,47895,0,-1,0,0,0,0,0,2566,25,0,0,0,18665,120,347,0,3,34144576,0,0,0,0,0
41441,-1,Überlegene Leysteinvorkommen,,22422,47895,0,-1,0,0,0,0,0,2566,25,0,0,0,18666,120,347,0,3,34144576,0,0,0,0,0
41442,-1,Stechende Leysteinvorkommen,,22423,47897,0,-1,0,0,0,0,0,2566,25,0,0,0,18667,120,347,0,3,34144576,0,0,0,0,0
41443,-1,Uralte Leysteinvorkommen,,22424,47897,0,-1,0,0,0,0,0,2566,25,0,0,0,18668,120,347,0,3,34144576,0,0,0,0,0
41444,-1,Dunkle Leysteinvorkommen,,22425,47897,0,-1,0,0,0,0,0,2566,25,0,0,0,18669,120,347,0,3,34144576,0,0,0,0,0
41445,-1,Stürmische Leysteinvorkommen,,22426,47897,0,-1,0,0,0,0,0,2566,25,0,0,0,18670,120,347,0,3,34144576,0,0,0,0,0
41446,-1,Verdunkelte Teufelsschiefervorkommen,,22427,38948,0,-1,0,0,0,0,0,2566,25,0,0,0,18671,120,347,0,3,34144576,0,0,0,0,0
41447,-1,Brennende Teufelsschiefervorkommen,,22428,38948,0,-1,0,0,0,0,0,2566,25,0,0,0,18672,120,347,0,3,34144576,0,0,0,0,0
41448,-1,Schwere Teufelsschiefervorkommen,,22429,38948,0,-1,0,0,0,0,0,2566,25,0,0,0,18673,120,347,0,3,34144576,0,0,0,0,0
41451,-1,Angriff auf Hrydshal,,22446,47897,0,-1,0,0,0,0,0,0,0,0,0,0,18674,109,347,0,3,41484544,0,0,0,0,0
41454,-1,Glänzende Leysteinablagerung,,22670,47901,0,-1,0,0,0,0,0,2566,25,0,0,0,18678,120,347,0,3,34144576,0,0,0,0,0
41455,-1,Schimmernde Leysteinablagerung,,22440,47901,0,-1,0,0,0,0,0,2566,25,0,0,0,18679,120,347,0,3,34144576,0,0,0,0,0
41457,-1,Strahlende Leysteinablagerung,,22442,47895,0,-1,0,0,0,0,0,2566,25,0,0,0,18680,120,347,0,3,34144576,0,0,0,0,0
41458,-1,Gehärtete Leysteinablagerung,,22443,47895,0,-1,0,0,0,0,0,2566,25,0,0,0,18681,120,347,0,3,34144576,0,0,0,0,0
41459,-1,Dichte Leysteinablagerung,,22444,47897,0,-1,0,0,0,0,0,2566,25,0,0,0,18682,120,347,0,3,34144576,0,0,0,0,0
41460,-1,Ursprüngliche Leysteinablagerung,,22445,47897,0,-1,0,0,0,0,0,2566,25,0,0,0,18683,120,347,0,3,38338880,0,0,0,0,0
41461,-1,Bösartige Teufelsschieferablagerung,,22447,38948,0,-1,0,0,0,0,0,2566,25,0,0,0,18684,120,347,0,3,34144576,0,0,0,0,0
41481,-1,Schwefelzerstörer,,22464,47901,0,-1,0,0,0,0,0,2566,25,0,0,0,18688,120,347,0,3,34144576,0,0,0,0,0
41482,-1,Schwefelzerstörer,,22465,47901,0,-1,0,0,0,0,0,2566,25,0,0,0,18689,120,347,0,3,34144576,0,0,0,0,0
41483,-1,Schwefelzerstörer,,22466,47901,0,-1,0,0,0,0,0,2566,25,0,0,0,18690,120,347,0,3,34144576,0,0,0,0,0
41484,-1,Schwefelzerstörer,,22468,47895,0,-1,0,0,0,0,0,2566,25,0,0,0,18691,120,347,0,3,34144576,0,0,0,0,0
41486,-1,Schwefelzerstörer,,22469,47895,0,-1,0,0,0,0,0,2566,25,0,0,0,18692,120,347,0,3,34144576,0,0,0,0,0
41487,-1,Schwefelzerstörer,,22470,47895,0,-1,0,0,0,0,0,2566,25,0,0,0,18693,120,347,0,3,34144576,0,0,0,0,0
41488,-1,Schwefelzerstörer,,22471,47897,0,-1,0,0,0,0,0,2566,25,0,0,0,18694,120,347,0,3,34144576,0,0,0,0,0
41489,-1,Schwefelzerstörer,,22472,47897,0,-1,0,0,0,0,0,2566,25,0,0,0,18695,120,347,0,3,34144576,0,0,0,0,0
41490,-1,Schwefelzerstörer,,22473,47897,0,-1,0,0,0,0,0,2566,25,0,0,0,18696,120,347,0,3,34144576,0,0,0,0,0
41491,-1,Schwefelzerstörer,,22474,38948,0,-1,0,0,0,0,0,2566,25,0,0,0,18697,120,347,0,3,34144576,0,0,0,0,0
41492,-1,Schwefelzerstörer,,22475,38948,0,-1,0,0,0,0,0,2566,25,0,0,0,18698,120,347,0,3,34144576,0,0,0,0,0
41493,-1,Schwefelzerstörer,,22476,38948,0,-1,0,0,0,0,0,2566,25,0,0,0,18699,120,347,0,3,34144576,0,0,0,0,0
41495,-1,Brillante Leysteinflöze,,22671,47901,0,-1,0,0,0,0,0,2566,25,0,0,0,18700,120,347,0,3,34144576,0,0,0,0,0
41496,-1,Rohe Leysteinflöze,,22479,47895,0,-1,0,0,0,0,0,2566,25,0,0,0,18701,120,347,0,3,34144576,0,0,0,0,0
41497,-1,Wilde Leysteinflöze,,22478,47897,0,-1,0,0,0,0,0,2566,25,0,0,0,18702,120,347,0,3,34144576,0,0,0,0,0
41498,-1,Leysteinbasilisken,,22480,47901,0,-1,0,0,0,0,0,2566,25,0,0,0,18703,120,347,0,3,34144576,0,0,0,0,0
41500,-1,Leywürmer,,22483,47901,0,-1,0,0,0,0,0,2566,25,0,0,0,18704,120,347,0,3,34144576,0,0,0,0,0
41501,-1,Leysteinbasilisken,,22484,47901,0,-1,0,0,0,0,0,2566,25,0,0,0,18705,120,347,0,3,34144576,0,0,0,0,0
41502,-1,Leysteinbasilisken,,22485,47895,0,-1,0,0,0,0,0,2566,25,0,0,0,18706,120,347,0,3,34144576,0,0,0,0,0
41503,-1,Leysteinbasilisken,,22486,47895,0,-1,0,0,0,0,0,2566,25,0,0,0,18707,120,347,0,3,34144576,0,0,0,0,0
41504,-1,Leysteinbasilisken,,22487,47895,0,-1,0,0,0,0,0,2566,25,0,0,0,18708,120,347,0,3,34144576,0,0,0,0,0
41505,-1,Leysteinbasilisken,,22488,47897,0,-1,0,0,0,0,0,2566,25,0,0,0,18709,120,347,0,3,34144576,0,0,0,0,0
41506,-1,Leysteinbasilisken,,22489,47897,0,-1,0,0,0,0,0,2566,25,0,0,0,18710,120,347,0,3,34144576,0,0,0,0,0
41507,-1,Leysteinbasilisken,,22490,47897,0,-1,0,0,0,0,0,2566,25,0,0,0,18711,120,347,0,3,34144576,0,0,0,0,0
41508,-1,Teufelsschieferbasilisken,,22491,38948,0,-1,0,0,0,0,0,2566,25,0,0,0,18712,120,347,0,3,34144576,0,0,0,0,0
41509,-1,Teufelsschieferbasilisken,,22492,38948,0,-1,0,0,0,0,0,2566,25,0,0,0,18713,120,347,0,3,34144576,0,0,0,0,0
41511,-1,Teufelswurz,,22494,47899,0,-1,0,0,0,0,0,2550,25,0,0,0,18715,119,347,0,3,34144576,0,0,0,0,0
41512,-1,Teufelswurz,,22495,47899,0,-1,0,0,0,0,0,2550,25,0,0,0,18716,119,347,0,3,34144576,0,0,0,0,0
41513,-1,Teufelswurz,,22496,47901,0,-1,0,0,0,0,0,2550,25,0,0,0,18717,119,347,0,3,34144576,0,0,0,0,0
41514,-1,Teufelswurz,,22497,47901,0,-1,0,0,0,0,0,2550,25,0,0,0,18718,119,347,0,3,34144576,0,0,0,0,0
41515,-1,Teufelswurz,,22498,47901,0,-1,0,0,0,0,0,2550,25,0,0,0,18719,119,347,0,3,34144576,0,0,0,0,0
41516,-1,Teufelswurz,,22499,47895,0,-1,0,0,0,0,0,2550,25,0,0,0,18720,119,347,0,3,34144576,0,0,0,0,0
41517,-1,Teufelswurz,,22500,47895,0,-1,0,0,0,0,0,2550,25,0,0,0,18721,119,347,0,3,34144576,0,0,0,0,0
41518,-1,Teufelswurz,,22501,47895,0,-1,0,0,0,0,0,2550,25,0,0,0,18722,119,347,0,3,34144576,0,0,0,0,0
41519,-1,Teufelswurz,,22502,47897,0,-1,0,0,0,0,0,2550,25,0,0,0,18723,119,347,0,3,34144576,0,0,0,0,0
41520,-1,Teufelswurz,,22503,47897,0,-1,0,0,0,0,0,2550,25,0,0,0,18724,119,347,0,3,34144576,0,0,0,0,0
41521,-1,Teufelswurz,,22504,47897,0,-1,0,0,0,0,0,2550,25,0,0,0,18725,119,347,0,3,34144576,0,0,0,0,0
41522,-1,Teufelswurz,,22505,38948,0,-1,0,0,0,0,0,2550,25,0,0,0,18726,119,347,0,3,34144576,0,0,0,0,0
41523,-1,Teufelswurz,,22506,38948,0,-1,0,0,0,0,0,2550,25,0,0,0,18727,119,347,0,3,34144576,0,0,0,0,0
41524,-1,Teufelswurz,,22507,38948,0,-1,0,0,0,0,0,2550,25,0,0,0,18728,119,347,0,3,34144576,0,0,0,0,0
41525,-1,Zarte Fuchsblume,,22508,47899,0,-1,0,0,0,0,0,2550,25,0,0,0,18729,119,347,0,3,34144576,0,0,0,0,0
41526,-1,Buschige Fuchsblume,,22509,47899,0,-1,0,0,0,0,0,2550,25,0,0,0,18730,119,347,0,3,34144576,0,0,0,0,0
41527,-1,Lebhaftes Aethril,,22510,47901,0,-1,0,0,0,0,0,2550,25,0,0,0,18732,119,347,0,3,34144576,0,0,0,0,0
41528,-1,Schillerndes Aethril,,22511,47901,0,-1,0,0,0,0,0,2550,25,0,0,0,18733,119,347,0,3,34144576,0,0,0,0,0
41529,-1,Buschiges Aethril,,22512,47901,0,-1,0,0,0,0,0,2550,25,0,0,0,18735,119,347,0,3,34144576,0,0,0,0,0
41530,-1,Lebhaftes Traumlaub,,22513,47895,0,-1,0,0,0,0,0,2550,25,0,0,0,18736,119,347,0,3,34144576,0,0,0,0,0
41531,-1,Schillerndes Traumlaub,,22514,47895,0,-1,0,0,0,0,0,2550,25,0,0,0,18737,119,347,0,3,34144576,0,0,0,0,0
41532,-1,Buschiges Traumlaub,,22515,47895,0,-1,0,0,0,0,0,2550,25,0,0,0,18738,119,347,0,3,34144576,0,0,0,0,0
41533,-1,Duftendes Traumlaub,,22516,47895,0,-1,0,0,0,0,0,2550,25,0,0,0,18739,119,347,0,3,34144576,0,0,0,0,0
41534,-1,Dorniger Fjarnskaggl,,22517,47897,0,-1,0,0,0,0,0,2550,25,0,0,0,18740,119,347,0,3,34144576,0,0,0,0,0
41535,-1,Stacheliger Fjarnskaggl,,22518,47897,0,-1,0,0,0,0,0,2550,25,0,0,0,18741,119,347,0,3,34144576,0,0,0,0,0
41536,-1,Stark riechender Fjarnskaggl,,22519,47897,0,-1,0,0,0,0,0,2550,25,0,0,0,18742,119,347,0,3,34144576,0,0,0,0,0
41537,-1,Lebhafte Sternlichtrosen,,22672,38948,0,-1,0,0,0,0,0,2550,25,0,0,0,18743,119,347,0,3,34144576,0,0,0,0,0
41538,-1,Schillernde Sternlichtrosen,,22521,38948,0,-1,0,0,0,0,0,2550,25,0,0,0,18744,119,347,0,3,34144576,0,0,0,0,0
41539,-1,Funkelnde Sternlichtrosen,,22520,38948,0,-1,0,0,0,0,0,2550,25,0,0,0,18745,119,347,0,3,34144576,0,0,0,0,0
41544,-1,Fuchsblumenbüschel,,22526,47899,0,-1,0,0,0,0,0,2550,25,0,0,0,18746,119,347,0,3,34144576,0,0,0,0,0
41545,-1,Aethrilbüschel,,22527,47901,0,-1,0,0,0,0,0,2550,25,0,0,0,18747,119,347,0,3,34144576,0,0,0,0,0
41546,-1,Traumlaubbüschel,,22530,47895,0,-1,0,0,0,0,0,2550,25,0,0,0,18748,119,347,0,3,34144576,0,0,0,0,0
41547,-1,Fjarnskagglbüschel,,22528,47897,0,-1,0,0,0,0,0,2550,25,0,0,0,18749,119,347,0,3,34144576,0,0,0,0,0
41548,-1,Sternlichtrosenbüschel,,22529,38948,0,-1,0,0,0,0,0,2550,25,0,0,0,18750,119,347,0,3,34144576,0,0,0,0,0
41549,-1,Speckstreifen,,22531,47899,0,-1,0,0,0,0,0,2542,25,0,0,0,18759,131,347,0,3,34144576,0,0,0,0,0
41550,-1,Speckstreifen,,22532,47899,0,-1,0,0,0,0,0,2542,25,0,0,0,18760,131,347,0,3,34144576,0,0,0,0,0
41551,-1,Speckstreifen,,22533,47901,0,-1,0,0,0,0,0,2542,25,0,0,0,18761,131,347,0,3,34144576,0,0,0,0,0
41552,-1,Speckstreifen,,22534,47901,0,-1,0,0,0,0,0,2542,25,0,0,0,18762,131,347,0,3,34144576,0,0,0,0,0
41553,-1,Speckstreifen,,22535,47895,0,-1,0,0,0,0,0,2542,25,0,0,0,18763,131,347,0,3,34144576,0,0,0,0,0
41554,-1,Speckstreifen,,22536,47895,0,-1,0,0,0,0,0,2542,25,0,0,0,18764,131,347,0,3,34144576,0,0,0,0,0
41555,-1,Speckstreifen,,22537,47897,0,-1,0,0,0,0,0,2542,25,0,0,0,18765,131,347,0,3,34144576,0,0,0,0,0
41556,-1,Speckstreifen,,22538,47897,0,-1,0,0,0,0,0,2542,25,0,0,0,18766,131,347,0,3,34144576,0,0,0,0,0
41557,-1,Speckstreifen,,22539,38948,0,-1,0,0,0,0,0,2542,25,0,0,0,18767,131,347,0,3,34144576,0,0,0,0,0
41558,-1,Speckstreifen,,22540,38948,0,-1,0,0,0,0,0,2542,25,0,0,0,18768,131,347,0,3,34144576,0,0,0,0,0
41560,-1,Teufelsbalg,,22543,47899,0,-1,0,0,0,0,0,2558,25,0,0,0,18770,124,347,0,3,34144576,0,0,0,0,0
41561,-1,Teufelsbalg,,22544,47899,0,-1,0,0,0,0,0,2558,25,0,0,0,18771,124,347,0,3,34144576,0,0,0,0,0
41562,-1,Teufelsbalg,,22545,47901,0,-1,0,0,0,0,0,2558,25,0,0,0,18772,124,347,0,3,34144576,0,0,0,0,0
41563,-1,Teufelsbalg,,22546,47901,0,-1,0,0,0,0,0,2558,25,0,0,0,18773,124,347,0,3,34144576,0,0,0,0,0
41564,-1,Teufelsbalg,,22547,47901,0,-1,0,0,0,0,0,2558,25,0,0,0,18774,124,347,0,3,34144576,0,0,0,0,0
41565,-1,Teufelsbalg,,22548,47895,0,-1,0,0,0,0,0,2558,25,0,0,0,18775,124,347,0,3,34144576,0,0,0,0,0
41566,-1,Teufelsbalg,,22549,47895,0,-1,0,0,0,0,0,2558,25,0,0,0,18776,124,347,0,3,34144576,0,0,0,0,0
41567,-1,Teufelsbalg,,22550,47895,0,-1,0,0,0,0,0,2558,25,0,0,0,18777,124,347,0,3,34144576,0,0,0,0,0
41568,-1,Teufelsbalg,,22551,47897,0,-1,0,0,0,0,0,2558,25,0,0,0,18778,124,347,0,3,34144576,0,0,0,0,0
41569,-1,Teufelsbalg,,22552,47897,0,-1,0,0,0,0,0,2558,25,0,0,0,18779,124,347,0,3,34144576,0,0,0,0,0
41570,-1,Teufelsbalg,,22553,47897,0,-1,0,0,0,0,0,2558,25,0,0,0,18780,124,347,0,3,34144576,0,0,0,0,0
41571,-1,Teufelsbalg,,22554,38948,0,-1,0,0,0,0,0,2558,25,0,0,0,18781,124,347,0,3,34144576,0,0,0,0,0
41572,-1,Teufelsbalg,,22555,38948,0,-1,0,0,0,0,0,2558,25,0,0,0,18782,124,347,0,3,34144576,0,0,0,0,0
41573,-1,Teufelsbalg,,22556,38948,0,-1,0,0,0,0,0,2558,25,0,0,0,18783,124,347,0,3,34144576,0,0,0,0,0
41582,-1,Weiches Sonnenrennerleder,,22566,47901,0,-1,0,0,0,0,0,2558,25,0,0,0,19478,124,347,0,3,34144576,0,0,0,0,0
41596,-1,Lebhafter Hochberglachs,,22580,47899,0,-1,0,0,0,0,0,356,75,0,0,0,18804,130,347,0,3,34144576,0,0,0,0,0
41597,-1,Lebhafter Hochberglachs,,22581,47899,0,-1,0,0,0,0,0,356,75,0,0,0,18805,130,347,0,3,34144576,0,0,0,0,0
41598,-1,Lebhafter verfluchter Königinnenfisch,,22583,47901,0,-1,0,0,0,0,0,356,75,0,0,0,18806,130,347,0,3,34144576,0,0,0,0,0
41599,-1,Lebhafter verfluchter Königinnenfisch,,22582,47901,0,-1,0,0,0,0,0,356,75,0,0,0,18807,130,347,0,3,34144576,0,0,0,0,0
41600,-1,Lebhafter Mooskiemenbarsch,,22584,47895,0,-1,0,0,0,0,0,356,75,0,0,0,18808,130,347,0,3,34144576,0,0,0,0,0
41601,-1,Lebhafter Mooskiemenbarsch,,22585,47895,0,-1,0,0,0,0,0,356,75,0,0,0,18809,130,347,0,3,34144576,0,0,0,0,0
41602,-1,Lebhafte Sturmrochen,,22586,47897,0,-1,0,0,0,0,0,356,75,0,0,0,18810,130,347,0,3,34144576,0,0,0,0,0
41603,-1,Lebhafte Sturmrochen,,22587,47897,0,-1,0,0,0,0,0,356,75,0,0,0,18811,130,347,0,3,34144576,0,0,0,0,0
41604,-1,Lebhafter Runenschuppenkoi,,22588,38948,0,-1,0,0,0,0,0,356,75,0,0,0,18812,130,347,0,3,34144576,0,0,0,0,0
41605,-1,Lebhafter Runenschuppenkoi,,22589,38948,0,-1,0,0,0,0,0,356,75,0,0,0,18813,130,347,0,3,34144576,0,0,0,0,0
41609,-1,Gewaltiger Hochberglachs,,22598,47899,0,-1,0,0,0,0,0,356,75,0,0,0,18816,130,347,0,3,34144576,0,0,0,0,0
41610,-1,Gewaltiger verfluchter Königinnenfisch,,22599,47901,0,-1,0,0,0,0,0,356,75,0,0,0,18817,130,347,0,3,34144576,0,0,0,0,0
41611,-1,Gewaltiger verfluchter Königinnenfisch,,22600,47901,0,-1,0,0,0,0,0,356,75,0,0,0,18818,130,347,0,3,34144576,0,0,0,0,0
41612,-1,Gewaltiger Mooskiemenbarsch,,22601,47895,0,-1,0,0,0,0,0,356,75,0,0,0,18819,130,347,0,3,34144576,0,0,0,0,0
41613,-1,Gewaltiger Mooskiemenbarsch,,22602,47895,0,-1,0,0,0,0,0,356,75,0,0,0,18820,130,347,0,3,34144576,0,0,0,0,0
41614,-1,Gewaltiger Sturmrochen,,22603,47897,0,-1,0,0,0,0,0,356,75,0,0,0,18821,130,347,0,3,34144576,0,0,0,0,0
41615,-1,Gewaltiger Sturmrochen,,22604,47897,0,-1,0,0,0,0,0,356,75,0,0,0,18822,130,347,0,3,101253440,0,0,0,0,0
41616,-1,Gewaltiger Runenschuppenkoi,,22605,38948,0,-1,0,0,0,0,0,356,75,0,0,0,18823,130,347,0,3,34144576,64,0,0,0,0
41617,-1,Gewaltiger Runenschuppenkoi,,22606,38948,0,-1,0,0,0,0,0,356,75,0,0,0,18824,130,347,0,3,34144576,0,0,0,0,0
41622,-1,Das Erbe der Scharrfurien,,22611,47899,0,-1,0,0,0,0,0,0,0,0,0,0,18843,109,347,0,3,37290240,0,0,41694,0,0
41623,-1,Champions vom Hochberg,,22613,39948,0,-1,0,0,0,0,0,0,0,0,0,0,18845,109,347,0,3,38338816,0,0,39992,0,0
41624,-1,Rocko muss rasiert werden,,22614,48602,0,-1,0,0,0,0,0,0,0,0,0,0,18846,115,347,0,3,3735808,0,0,0,0,0
41633,-1,Arbeitsauftrag: Leysteinbeinschützer,,22623,47901,0,-1,0,0,0,0,0,2454,25,0,0,0,18848,116,347,0,3,524608,0,0,0,0,0
41634,-1,Arbeitsauftrag: Leysteinarmschützer,,22624,47895,0,-1,0,0,0,0,0,2454,25,0,0,0,18849,116,347,0,3,524608,0,0,0,0,0
41635,-1,Arbeitsauftrag: Leysteinstiefel,,22625,47899,0,-1,0,0,0,0,0,2454,25,0,0,0,18850,116,347,0,3,524608,0,0,0,0,0
41636,-1,Arbeitsauftrag: Leysteinbrustplatte,,22626,47897,0,-1,0,0,0,0,0,2454,25,0,0,0,18851,116,347,0,3,524608,8192,0,0,0,0
41637,-1,Arbeitsauftrag: Leysteinschulterstücke,,22627,45166,0,-1,0,0,0,0,0,2454,25,0,0,0,18852,116,347,0,3,524608,0,0,0,0,0
41638,-1,Arbeitsauftrag: Leysteinstulpen,,22628,38948,0,-1,0,0,0,0,0,2454,25,0,0,0,18853,116,347,0,3,524608,0,0,0,0,0
41639,-1,Arbeitsauftrag: Kampfschwurschiftung,,22629,47901,0,-1,0,0,0,0,0,2526,25,0,0,0,18854,117,347,0,3,524608,0,0,0,0,0
41640,-1,Arbeitsauftrag: Kriegsbalgmaske,,22630,47895,0,-1,0,0,0,0,0,2526,25,0,0,0,18855,117,347,0,3,524608,0,0,0,0,0
41641,-1,Arbeitsauftrag: Kampfschwurarmbinden,,22673,47899,0,-1,0,0,0,0,0,2526,25,0,0,0,18856,117,347,0,3,524608,0,0,0,0,0
41642,-1,Arbeitsauftrag: Kriegsbalgfußpolster,,22632,47897,0,-1,0,0,0,0,0,2526,25,0,0,0,18857,117,347,0,3,524608,0,0,0,0,0
41643,-1,Arbeitsauftrag: Kampfschwurgamaschen,,22631,45166,0,-1,0,0,0,0,0,2526,25,0,0,0,18858,117,347,0,3,524608,0,0,0,0,0
41644,-1,Arbeitsauftrag: Kriegsbalghandschuhe,,22633,38948,0,-1,0,0,0,0,0,2526,25,0,0,0,18859,117,347,0,3,524608,0,0,0,0,0
41645,-1,Arbeitsauftrag: Seidengewebte Schulterklappen,,22634,47901,0,-1,0,0,0,0,0,2534,25,0,0,0,18860,121,347,0,3,524608,0,0,0,0,0
41646,-1,Arbeitsauftrag: Seidengewebte Handschuhe,,22635,47895,0,-1,0,0,0,0,0,2534,25,0,0,0,18861,121,347,0,3,524608,0,0,0,0,0
41647,-1,Arbeitsauftrag: Seidengewebte Robe,,22636,47899,0,-1,0,0,0,0,0,2534,25,0,0,0,18862,121,347,0,3,524608,0,0,0,0,0
41648,-1,Arbeitsauftrag: Seidengewebte Armschienen,,22637,47897,0,-1,0,0,0,0,0,2534,25,0,0,0,18863,121,347,0,3,524608,0,0,0,0,0
41649,-1,Arbeitsauftrag: Seidengewebte Pantoffeln,,22638,45166,0,-1,0,0,0,0,0,2534,25,0,0,0,18864,121,347,0,3,524608,0,0,0,0,0
41650,-1,Arbeitsauftrag: Seidengewebte Kapuze,,22639,38948,0,-1,0,0,0,0,0,2534,25,0,0,0,18865,121,347,0,3,524608,0,0,0,0,0
41651,-1,Arbeitsauftrag: Azsunitanhänger,,22640,47901,0,-1,0,0,0,0,0,2518,25,0,0,0,18866,125,347,0,3,524608,0,0,0,0,0
41652,-1,Arbeitsauftrag: Tiefenbernsteinring,,22641,47895,0,-1,0,0,0,0,0,2518,25,0,0,0,18867,125,347,0,3,524608,0,0,0,0,0
41653,-1,Arbeitsauftrag: Himmelssteinanhänger,,22642,47899,0,-1,0,0,0,0,0,2518,25,0,0,0,18868,125,347,0,3,524608,0,0,0,0,0
41654,-1,Arbeitsauftrag: Königinnenopalschleife,,22643,47897,0,-1,0,0,0,0,0,2518,25,0,0,0,18869,125,347,0,3,524608,0,0,0,0,0
41655,-1,Arbeitsauftrag: Königinnenopalanhänger,,22644,45166,0,-1,0,0,0,0,0,2518,25,0,0,0,18870,125,347,0,3,524608,0,0,0,0,0
41656,-1,Arbeitsauftrag: Azsunitring,,22645,38948,0,-1,0,0,0,0,0,2518,25,0,0,0,18871,125,347,0,3,524608,0,0,0,0,0
41657,-1,Arbeitsauftrag: Destillate aus roher Magie,,22646,47901,0,-1,0,0,0,0,0,2479,25,0,0,0,18872,118,347,0,3,524608,0,0,0,0,0
41658,-1,Arbeitsauftrag: Sylvanelixiere,,22647,47895,0,-1,0,0,0,0,0,2479,25,0,0,0,18873,118,347,0,3,524608,0,0,0,0,0
41659,-1,Arbeitsauftrag: Lawinenelixier,,22648,47899,0,-1,0,0,0,0,0,2479,25,0,0,0,18874,118,347,0,3,524608,0,0,0,0,0
41660,-1,Arbeitsauftrag: Skaggldrynk,,22649,47897,0,-1,0,0,0,0,0,2479,25,0,0,0,18875,118,347,0,3,524608,0,0,0,0,0
41661,-1,Arbeitsauftrag: Himmelslauftränke,,22650,45166,0,-1,0,0,0,0,0,2479,25,0,0,0,18876,118,347,0,3,524608,0,0,0,0,0
41662,-1,Arbeitsauftrag: Uralte Verjüngungstränke,,22651,38948,0,-1,0,0,0,0,0,2479,25,0,0,0,18877,118,347,0,3,524608,0,0,0,0,0
41663,-1,Arbeitsauftrag für Vantusrune: Elerethe Elerethe Renferal,,22652,47901,0,-1,0,0,0,0,0,2508,25,0,0,0,18878,126,347,0,3,524608,0,0,0,0,0
41664,-1,Arbeitsauftrag für Vantusrune: Drachen des Alptraums,,22653,47895,0,-1,0,0,0,0,0,2508,25,0,0,0,18879,126,347,0,3,524608,0,0,0,0,0
41665,-1,Arbeitsauftrag für Vantusrune: Ursoc,,22654,47899,0,-1,0,0,0,0,0,2508,25,0,0,0,18880,126,347,0,3,524608,0,0,0,0,0
41666,-1,Arbeitsauftrag für Vantusrune: Nythendra,,22655,47897,0,-1,0,0,0,0,0,2508,25,0,0,0,18881,126,347,0,3,524608,0,0,0,0,0
41667,-1,Arbeitsauftrag für Vantusrune: Xavius,,22656,45166,0,-1,0,0,0,0,0,2508,25,0,0,0,18882,126,347,0,3,524608,0,0,0,0,0
41668,-1,"Arbeitsauftrag für Vantusrune: Il'gynoth, das Herz der Verderbnis",,22657,38948,0,-1,0,0,0,0,0,2508,25,0,0,0,18883,126,347,0,3,524608,0,0,0,0,0
41669,-1,Arbeitsauftrag: Wort des kritischen Treffers,,22658,47901,0,-1,0,0,0,0,0,2487,25,0,0,0,18884,123,347,0,3,524608,0,0,0,0,0
41670,-1,Arbeitsauftrag: Wort der Beweglichkeit,,22659,47895,0,-1,0,0,0,0,0,2487,25,0,0,0,18885,123,347,0,3,524608,0,0,0,0,0
41671,-1,Arbeitsauftrag: Wort der Stärke,,22660,47899,0,-1,0,0,0,0,0,2487,25,0,0,0,18886,123,347,0,3,524608,0,0,0,0,0
41672,-1,Arbeitsauftrag: Wort des Tempos,,22661,47897,0,-1,0,0,0,0,0,2487,25,0,0,0,18887,123,347,0,3,524608,0,0,0,0,0
41673,-1,Arbeitsauftrag: Wort der Meisterschaft,,22662,45166,0,-1,0,0,0,0,0,2487,25,0,0,0,18888,123,347,0,3,524608,0,0,0,0,0
41674,-1,Arbeitsauftrag: Wort der Intelligenz,,22663,38948,0,-1,0,0,0,0,0,2487,25,0,0,0,18889,123,347,0,3,524608,0,0,0,0,0
41675,-1,Arbeitsauftrag: Blinzelabzugkopfkanone,,22664,47901,0,-1,0,0,0,0,0,2500,25,0,0,0,18890,122,347,0,3,524608,0,0,0,0,0
41676,-1,Arbeitsauftrag: Repetierbandagenflinte,,22665,47895,0,-1,0,0,0,0,0,2500,25,0,0,0,18891,122,347,0,3,524608,0,0,0,0,0
41677,-1,Arbeitsauftrag: Automatikhammer,,22666,47899,0,-1,0,0,0,0,0,2500,25,0,0,0,18892,122,347,0,3,524608,0,0,0,0,0
41678,-1,Arbeitsauftrag: Waffenpaket,,22667,47897,0,-1,0,0,0,0,0,2500,25,0,0,0,18893,122,347,0,3,524608,0,0,0,0,0
41679,-1,Arbeitsauftrag: Stationärer Kugelspender,,22668,45166,0,-1,0,0,0,0,0,2500,25,0,0,0,18894,122,347,0,3,524608,0,0,0,0,0
41680,-1,Arbeitsauftrag: Fehlschlagdetektorpylon,,22669,38948,0,-1,0,0,0,0,0,2500,25,0,0,0,18895,122,347,0,3,524608,0,0,0,0,0
41685,-1,GEFAHR: Ala'washte,,22682,47899,0,-1,0,0,0,0,0,0,0,0,0,0,18902,136,347,0,3,3735872,0,0,0,0,0
41686,-1,GEFAHR: Olokk der Schiffszerstörer,,22683,47899,0,-1,0,0,0,0,0,0,0,0,0,0,18904,136,347,0,3,3735872,0,0,0,0,0
41687,-1,Schneckenkampf!,,22686,48602,0,-1,0,0,0,0,0,0,0,0,0,0,18905,115,347,0,3,3735808,0,0,0,0,0
41691,-1,Ein Meer aus Federn,,22692,47899,0,-1,0,0,0,0,0,0,0,0,0,0,18908,109,347,0,3,37290240,0,0,0,0,0
41692,-1,Schiffswrackplünderer,,22693,47899,0,-1,0,0,0,0,0,0,0,0,0,0,18910,109,347,0,3,37290240,0,0,0,0,0
41693,-1,Sumpfsteinsorgen,,22694,47899,0,-1,0,0,0,0,0,0,0,0,0,0,18911,109,347,0,3,37290240,0,0,0,0,0
41695,-1,GEFAHR: Defilia,,22699,47899,0,-1,0,0,0,0,0,0,0,0,0,0,18909,136,347,0,3,3735872,0,0,0,0,0
41696,-1,GEFAHR: Mawat'aki,,22701,47899,0,-1,0,0,0,0,0,0,0,0,0,0,18914,136,347,0,3,3735872,0,0,0,0,0
41697,-1,"GEFAHR: Colerian, Alteria, und Selenyi",,22702,38948,0,-1,0,0,0,0,0,0,0,0,0,0,18915,136,347,0,3,3735872,0,0,0,0,0
41699,-1,Krebsknabberlis,,22704,47899,0,-1,0,0,0,0,0,0,0,0,0,0,18917,109,347,0,3,37290240,8192,0,0,0,0
41700,-1,GEFAHR: Shalas'aman,,22708,47895,0,-1,0,0,0,0,0,0,0,0,0,0,18922,136,347,0,3,3735872,0,0,0,0,0
41701,-1,Panzerjäger,,22705,47899,0,-1,0,0,0,0,0,0,0,0,0,0,18921,109,347,0,3,37290240,8192,0,0,0,0
41703,-1,GEFAHR: Ormagrogg,,22707,47899,0,-1,0,0,0,0,0,0,0,0,0,0,18923,136,347,0,3,3735872,0,0,0,0,0
41705,-1,Angriff auf Donnertotem,,22719,55295,0,-1,0,0,0,0,0,0,0,0,0,0,18924,109,347,0,3,41484544,8192,0,41694,0,0
41706,-1,Salziges Gewässer,,22723,47899,0,-1,0,0,0,0,0,0,0,0,0,0,18918,109,347,0,3,37290240,8192,0,0,0,0
41757,-1,Echos des Erdwächters,,22766,47899,0,-1,0,0,0,0,0,0,0,0,0,0,18933,109,347,0,3,34144512,0,0,0,0,0
41758,-1,Obsidianwächter,,22767,47899,0,-1,0,0,0,0,0,0,0,0,0,0,18934,109,347,0,3,38338816,0,0,0,0,0
41765,-1,[NYI] Hunting Wager,,22802,47899,0,-1,0,0,0,0,0,0,0,0,0,0,18936,109,347,0,3,35193088,0,0,0,0,0
41766,-1,Wildtierschutztrupp,,22773,48602,0,-1,0,0,0,0,0,0,0,0,0,0,18935,115,347,0,3,3735808,0,0,0,0,0
41789,-1,Rückkehr zum Felsen,,22812,47899,0,-1,0,0,0,0,0,0,0,0,0,0,18955,109,347,0,3,37290240,0,0,0,0,0
41794,-1,Drachenpirscher,,22821,47897,0,-1,0,0,0,0,0,0,0,0,0,0,21030,109,347,0,3,37290240,0,0,0,0,0
41816,-1,GEFAHR: Oubdob der Knaller,,22836,47899,0,-1,0,0,0,0,0,0,0,0,0,0,18966,136,347,0,3,3735872,0,0,0,0,0
41817,-1,Schädelkappe des Zuchtmeisters,,22837,38948,0,-1,0,0,0,0,0,0,0,0,0,0,18967,0,347,0,3,590080,0,0,0,0,0
41818,-1,GESUCHT: Majestätisches Urhorn,,22838,47899,0,-1,0,0,0,0,0,0,0,0,0,0,20552,109,347,0,3,3735872,0,0,0,0,0
41819,-1,GESUCHT: Gurbog der Klopper,,22839,47899,0,-1,0,0,0,0,0,0,0,0,0,0,19940,109,347,0,3,3735872,0,0,0,0,0
41820,-1,Immer schön unrhythmisch gehen!,,22842,38948,0,-1,0,0,0,0,0,0,0,0,0,0,18972,0,347,0,3,590080,0,0,0,0,0
41821,-1,GESUCHT: Shara Teufelshauch,,22841,47899,0,-1,0,0,0,0,0,0,0,0,0,0,19835,109,347,0,3,3735872,0,0,0,0,0
41822,-1,Auf seinen Hufspuren,,22843,38948,0,-1,0,0,0,0,0,0,0,0,0,0,18970,0,347,0,3,590080,0,0,0,0,0
41823,-1,Asche zu Asche,,22844,38948,0,-1,0,0,0,0,0,0,0,0,0,0,18973,0,347,0,3,590080,0,0,0,0,0
41824,-1,GESUCHT: Arru,,22845,47899,0,-1,0,0,0,0,0,0,0,0,0,0,20555,109,347,0,3,3735872,0,0,0,0,0
41825,-1,Geflügelte Bedrohung,,22846,38948,0,-1,0,0,0,0,0,0,0,0,0,0,18975,0,347,0,3,590080,0,0,0,0,0
41826,-1,GESUCHT: Krähenschropf der Hungrige,,22847,47899,0,-1,0,0,0,0,0,0,0,0,0,0,20576,109,347,0,3,3735872,0,0,0,0,0
41827,-1,Miauen der Katze,,26360,38948,0,-1,0,0,0,0,0,0,0,0,0,0,18976,0,347,0,3,590080,0,0,0,0,0
41828,-1,GESUCHT: Borstenschlund,,22848,47899,0,-1,0,0,0,0,0,0,0,0,0,0,20571,109,347,0,3,3735872,0,0,0,0,0
41829,-1,Die Dunkelfederspäherin,,22849,38948,0,-1,0,0,0,0,0,0,0,0,0,0,18979,0,347,0,3,590080,0,0,0,0,0
41830,-1,Dämonenbiss,,22850,38948,0,-1,0,0,0,0,0,0,0,0,0,0,18980,0,347,0,3,590080,0,0,0,0,0
41832,-1,Weißwasserschrecken,,22850,38948,0,-1,0,0,0,0,0,0,0,0,0,0,18982,0,347,0,3,590080,0,0,0,0,0
41833,-1,Grmlrmls letzter Ritt,,22852,38948,0,-1,0,0,0,0,0,0,0,0,0,0,18983,0,347,0,3,590080,0,0,0,0,0
41835,-1,Wurmkur,,22853,38948,0,-1,0,0,0,0,0,0,0,0,0,0,18984,0,347,0,3,590080,0,0,0,0,0
41836,-1,GESUCHT: Bodash der Hamsterer,,22854,47899,0,-1,0,0,0,0,0,0,0,0,0,0,19946,109,347,0,3,3735872,0,0,0,0,0
41837,-1,Beinharter Widersacher,,26361,38948,0,-1,0,0,0,0,0,0,0,0,0,0,18986,0,347,0,3,590080,0,0,0,0,0
41838,-1,GESUCHT: Schlummer,,22858,47899,0,-1,0,0,0,0,0,0,0,0,0,0,20546,109,347,0,3,3735872,0,0,0,0,0
41842,-1,Das Ende der Nahrungskette,,22859,38948,0,-1,0,0,0,0,0,0,0,0,0,0,18988,0,347,0,3,590080,0,0,0,0,0
41843,-1,Pucks Pechsträhne,,22860,38948,0,-1,0,0,0,0,0,0,0,0,0,0,18989,0,347,0,3,590080,0,0,0,0,0
41844,-1,GESUCHT: Sekhan,,26362,47899,0,-1,0,0,0,0,0,0,0,0,0,0,20549,109,347,0,3,3735872,0,0,0,0,0
41855,-1,Schikane!,,22879,48602,0,-1,0,0,0,0,0,0,0,0,0,0,18991,115,347,0,3,3735808,0,0,0,0,0
41857,-1,Neltharions Hort: Dunkelsteinsklaven,,22910,42902,0,-1,0,0,0,0,0,0,0,0,0,0,19009,137,347,0,3,35193088,0,2,0,0,0
41860,-1,Händel mit Satyrn,,22908,48602,0,-1,0,0,0,0,0,0,0,0,0,0,19002,115,347,0,3,3735808,0,0,0,0,0
41861,-1,Den Schlund kennenlernen,,22909,48602,0,-1,0,0,0,0,0,0,0,0,0,0,19004,115,347,0,3,3735808,0,0,0,0,0
41862,-1,Nur Haustiere können Waldbrände verhindern,,22911,48602,0,-1,0,0,0,0,0,0,0,0,0,0,19007,115,347,0,3,3735808,0,0,0,0,0
41864,-1,Neltharions Hort: Kristallinzermalmer,,22913,42253,0,-1,0,0,0,0,0,0,0,0,0,0,19010,137,347,0,3,35193088,0,2,0,0,0
41865,-1,Neltharions Hort: Mutter des Steins,,22914,42253,0,-1,0,0,0,0,0,0,0,0,0,0,19011,137,347,0,3,35193088,0,2,0,0,0
41866,-1,Neltharions Hort: Verseuchte Fledermaus,,22915,42253,0,-1,0,0,0,0,0,0,0,0,0,0,19012,137,347,0,3,35193088,0,2,0,0,0
41881,-1,Kampfnacht: Heliosus,,22931,38948,0,-1,0,0,0,0,0,0,0,0,0,0,19018,115,347,0,3,3735808,0,0,0,0,0
41886,-1,Kampfnacht: Fiese Ratten!,,22942,38948,0,-1,0,0,0,0,0,0,0,0,0,0,19019,115,347,0,3,3735808,0,0,0,0,0
41895,-1,Meister der Haustiere,,22951,41007,0,-1,0,0,0,0,0,0,0,0,0,0,19038,115,347,0,3,3735808,0,0,0,0,0
41896,-1,Operation: Murlocfreiheit,,26246,47901,0,-1,0,0,0,0,0,0,0,0,0,0,20198,113,347,0,3,590080,0,0,0,0,0
41902,-1,Währungserhalt,,26357,21439,0,-1,0,0,0,0,0,0,0,0,0,0,0,0,347,0,3,3735552,131200,0,0,0,0
41914,-1,Die Katakomben räumen,,22968,38948,0,-1,0,0,0,0,0,0,0,0,0,0,19091,115,347,0,3,3735808,0,0,0,0,0
41925,-1,Hel erleuchtet,,22986,39338,0,-1,0,0,0,0,0,0,0,0,0,0,19093,109,347,0,3,41484544,8192,0,0,0,0
41926,-1,Zurückkehrender Champion,,23022,47897,0,-1,0,0,0,0,0,0,0,0,0,0,19094,109,347,0,3,41484544,8192,0,41694,0,0
41927,-1,Das Runenwaldsterben,,23026,47897,0,-1,0,0,0,0,0,0,0,0,0,0,19095,109,347,0,3,41484544,8192,0,41694,0,0
41930,-1,Heldenmut gefragt,,22998,47897,0,-1,0,0,0,0,0,0,0,0,0,0,19097,109,347,0,3,41484544,8192,0,41694,0,0
41931,-1,Manadurst,,22992,38948,0,-1,0,0,0,0,0,0,0,0,0,0,19096,115,347,0,3,3735808,0,0,0,0,0
41935,-1,Angespannte Lage,,23002,48602,0,-1,0,0,0,0,0,0,0,0,0,0,19109,115,347,0,3,3735808,0,0,0,0,0
41936,-1,Ihr wurdet herausgefordert!,,23013,47897,0,-1,0,0,0,0,0,0,0,0,0,0,19120,109,347,0,3,37290240,8192,0,0,0,0
41938,-1,Brüder von Skovald,,23018,47897,0,-1,0,0,0,0,0,0,0,0,0,0,19128,109,347,0,3,37290240,0,0,0,0,0
41944,-1,Jarruns Leiter,,23028,47897,0,-1,0,0,0,0,0,0,0,0,0,0,19131,115,347,0,3,3735808,0,0,0,0,0
41948,-1,Streichelzoo im Himmel,,23033,48602,0,-1,0,0,0,0,0,0,0,0,0,0,19144,115,347,0,3,3735808,0,0,0,0,0
41949,-1,Rückkehr der Drekirjar,,23045,47897,0,-1,0,0,0,0,0,0,0,0,0,0,19134,109,347,0,3,37290240,0,0,0,0,0
41950,-1,Noch mehr Donner des Schmerzes,,25514,47310,0,-1,0,0,0,0,0,0,0,0,0,0,19135,109,347,0,3,37290240,0,0,0,0,0
41955,-1,Blutlinie des Steins,,23053,47895,0,-1,0,0,0,0,0,0,0,0,0,0,19143,109,347,0,3,41484544,0,0,0,0,0
41956,-1,Versteinerte Akolythen,,23054,47895,0,-1,0,0,0,0,0,0,0,0,0,0,19260,109,347,0,3,41484544,0,0,0,0,0
41958,-1,"Oh, Ominitron",,23059,48602,0,-1,0,0,0,0,0,0,0,0,0,0,19147,115,347,0,3,3735808,0,0,0,0,0
41961,-1,Rabenwehrtsachen,,23062,47893,0,-1,0,0,0,0,0,0,0,0,0,0,19149,109,347,0,3,37290240,0,0,0,0,0
41962,-1,Wache der Rabenwehr,,23063,47895,0,-1,0,0,0,0,0,0,0,0,0,0,19150,109,347,0,3,34144512,0,0,0,0,0
41964,-1,Vergiftetes Wasser,,23065,47895,0,-1,0,0,0,0,0,0,0,0,0,0,19145,109,347,0,3,37290240,8192,0,0,0,0
41965,-1,Mondschwingenbefreiung,,23067,47895,0,-1,0,0,0,0,0,0,0,0,0,0,19152,109,347,0,3,37290240,0,0,0,0,0
41980,-1,Tempelverteidigung,,23082,47895,0,-1,0,0,0,0,0,0,0,0,0,0,19178,109,347,0,3,37290240,0,0,0,0,0
41983,-1,[NYI] Bear Necessities,,23086,47899,0,-1,0,0,0,0,0,0,0,0,0,0,19172,109,347,0,3,3735808,0,0,0,0,0
41984,-1,Die kriechenden Nebel,,23120,47897,0,-1,0,0,0,0,0,0,0,0,0,0,19169,109,347,0,3,41484544,8192,0,0,0,0
41990,-1,Zerhackt,,23100,41007,0,-1,0,0,0,0,0,0,0,0,0,0,19176,115,347,0,3,3735808,0,0,0,0,0
41992,-1,Verderbte Asche,,23105,47895,0,-1,0,0,0,0,0,0,0,0,0,0,19179,109,347,0,3,37290240,0,0,0,0,0
41995,-1,Dunkle Verderbnis,,23110,47895,0,-1,0,0,0,0,0,0,0,0,0,0,19181,109,347,0,3,37290240,0,0,0,0,0
41996,-1,Verworrener Alptraum,,23117,47895,0,-1,0,0,0,0,0,0,0,0,0,0,19182,109,347,0,3,37290240,0,0,0,0,0
42004,-1,Geisterschiff,,23140,47897,0,-1,0,0,0,0,0,0,0,0,0,0,19184,109,347,0,3,37290240,0,0,0,0,0
42013,-1,Der Höllenschlund,,23148,47896,0,-1,0,0,0,0,0,0,0,0,0,0,19190,109,347,0,3,37290240,0,0,0,0,0
42014,-1,Ein verderbter Jahrgang,,23149,47901,0,-1,0,0,0,0,0,0,0,0,0,0,19192,109,347,0,3,37290240,0,0,41694,0,0
42015,-1,Fäden des Schicksals,,23150,38948,0,-1,0,0,0,0,0,0,0,0,0,0,19194,115,347,0,3,3735808,0,0,0,0,0
42018,-1,Nicht zu retten,,23152,47901,0,-1,0,0,0,0,0,0,0,0,0,0,19196,109,347,0,3,37290240,0,0,41694,0,0
42019,-1,Gut gegen Schuppen,,23153,47901,0,-1,0,0,0,0,0,0,0,0,0,0,19197,109,347,0,3,37290240,0,0,41694,0,0
42021,-1,Untersuchung in Mak'rana,,23154,47901,0,-1,0,0,0,0,0,0,0,0,0,0,19198,109,347,0,3,37290240,0,0,41694,0,0
42022,-1,Die verheerte Akademie,,23155,47901,0,-1,0,0,0,0,0,0,0,0,0,0,19199,109,347,0,3,37290240,2,0,41694,0,0
42023,-1,Rabenwehrrandale,,23465,47895,0,-1,0,0,0,0,0,0,0,0,0,0,18197,113,347,0,3,3735808,0,0,0,0,0
42024,-1,Freund meines Feindes,,23156,47901,0,-1,0,0,0,0,0,0,0,0,0,0,19200,136,347,0,3,37290240,0,0,41694,0,0
42025,-1,Rabiate Rauferei,,23464,47897,0,-1,0,0,0,0,0,0,0,0,0,0,18199,113,347,0,3,3735808,0,0,0,0,0
42026,-1,Faronaar im Ruin,,23158,47901,0,-1,0,0,0,0,0,0,0,0,0,0,19201,109,347,0,3,577831176,8192,0,41694,0,0
42027,-1,Faronaar im Chaos,,23157,47901,0,-1,0,0,0,0,0,0,0,0,0,0,19202,109,347,0,3,577831176,8192,0,41694,0,0
42028,-1,In den Alptraum,,23164,47895,0,-1,0,0,0,0,0,0,0,0,0,0,19203,109,347,0,3,41484544,8192,0,0,0,0
42062,-1,Kampfnacht: Klitzeklitzekleiner,,23194,38948,0,-1,0,0,0,0,0,0,0,0,0,0,19221,115,347,0,3,3735808,0,0,0,0,0
42063,-1,Es kommt nicht auf die Größe an,,23195,48602,0,-1,0,0,0,0,0,0,0,0,0,0,19222,115,347,0,3,3735808,0,0,0,0,0
42064,-1,Das ist Illid... Moment mal...,,23196,48602,0,-1,0,0,0,0,0,0,0,0,0,0,19223,115,347,0,3,3735808,0,0,0,0,0
42067,-1,Großes Maul und nichts dahinter,,23199,47897,0,-1,0,0,0,0,0,0,0,0,0,0,19225,115,347,0,3,3735808,0,0,0,0,0
42070,-6184943489809468494,Angriff auf den Turm der Wächterinnen: Die Sternenjägerwacht,,24386,47895,0,-1,0,0,0,0,0,0,0,0,0,0,18630,113,347,0,3,37290240,0,0,0,0,0
42071,-1,Zu Ehren der Vergangenheit,,23217,41005,0,-1,0,0,0,0,0,0,0,0,0,0,19242,109,347,0,3,37290240,0,0,0,0,0
42075,-1,Botanischer Rückschlag,,23207,47895,0,-1,0,0,0,0,0,0,0,0,0,0,19227,109,347,0,3,41484544,8192,0,0,0,0
42076,-1,Das Schattenmoordorf,,23208,47895,0,-1,0,0,0,0,0,0,0,0,0,0,19236,109,347,0,3,37290240,0,0,0,0,0
42077,-1,Wandelnde Alpträume,,23209,47895,0,-1,0,0,0,0,0,0,0,0,0,0,19240,109,347,0,3,41484544,0,0,0,0,0
42080,-1,Bastion Bradenbach,,23216,47895,0,-1,0,0,0,0,0,0,0,0,0,0,19241,109,347,0,3,41484544,8192,0,0,0,0
42082,-1,Das Epizentrum,,23221,45613,0,-1,0,0,0,0,0,0,0,0,0,0,19244,109,347,0,3,41484544,8192,0,0,0,0
42086,-1,Die Teufelstotems,,23233,47899,0,-1,0,0,0,0,0,0,0,0,0,0,19246,109,347,0,3,37290240,0,0,41694,0,0
42087,-1,Grüner Schrecken,,23237,47895,0,-1,0,0,0,0,0,0,0,0,0,0,19245,109,347,0,3,37290240,8192,0,0,0,0
42089,-1,Die Gefallenen,,23239,45058,0,-1,0,0,0,0,0,0,0,0,0,0,19248,109,347,0,3,37290240,0,0,0,0,0
42090,-1,Huschende Versuchsobjekte,,23242,45058,0,-1,0,0,0,0,0,0,0,0,0,140916,19250,109,347,0,3,37290240,8192,0,0,0,0
42094,-1,Hüter des Traums,,23247,47895,0,-1,0,0,0,0,0,0,0,0,0,0,19249,109,347,0,3,34144512,0,0,0,0,0
42095,-1,Alptraumdrache,,23251,47895,0,-1,0,0,0,0,0,0,0,0,0,0,19251,0,347,0,3,34144512,0,0,0,0,0
42099,-1,Kopfgeldquesttest,,23261,0,0,-1,0,0,0,0,0,0,0,0,0,0,0,128,798,0,3,33554440,131072,0,0,0,0
42101,-1,Sprache der Verlorenen,,23272,47901,0,-1,0,0,0,0,0,0,0,0,0,0,19255,109,347,0,3,37290240,0,0,41694,0,0
42105,-1,Mixologiemischerei,,23277,47901,0,-1,0,0,0,0,0,0,0,0,0,0,19257,109,347,0,3,37290240,0,0,41694,0,0
42108,-1,Ruf der Nachtwächter,,23279,47901,0,-1,0,0,0,0,0,0,0,0,0,0,19261,109,347,0,3,37290240,8192,0,41694,0,0
42109,-1,Bounty Quest Test 2,,23261,0,0,-1,0,0,0,0,0,0,0,0,0,0,0,128,798,0,3,33554440,131072,0,0,0,0
42111,-1,Aggressive Aufklärung,,23281,41005,0,-1,0,0,0,0,0,0,0,0,0,0,19262,109,347,0,3,37290240,0,0,0,0,0
42112,-1,Die Verdorrten kehren zurück,,23282,47901,0,-1,0,0,0,0,0,0,0,0,0,0,19263,109,347,0,3,37290240,0,0,41694,0,0
42119,-1,Ein läuternder Cocktail,,23290,47901,0,-1,0,0,0,0,0,0,0,0,0,0,19288,109,347,0,3,37290240,0,0,41694,0,0
42123,-1,Llothien zurückerobern,,23298,47901,0,-1,0,0,0,0,0,0,0,0,0,0,19305,109,347,0,3,37290240,0,0,41694,0,0
42124,-1,Hexen und Verhexung,,23300,47895,0,-1,0,0,0,0,0,0,0,0,0,0,19306,109,347,0,3,37290240,8192,0,0,0,0
42145,-1,Von drauß vom Walde,,23330,47895,0,-1,0,0,0,0,0,0,0,0,0,0,19325,109,347,0,3,37290240,8192,0,0,0,0
42146,-1,Betäubt und verwirrt und goldig,,23331,48602,0,-1,0,0,0,0,0,0,0,0,0,0,19331,115,347,0,3,3735808,0,0,0,0,0
42148,-1,Der Wein ist schlecht,,23334,47901,0,-1,0,0,0,0,0,0,0,0,0,0,19336,115,347,0,3,3735808,0,0,0,0,0
42150,-1,Übergriff der Naga von Kal'delar,,23339,47895,0,-1,0,0,0,0,0,0,0,0,0,0,19340,109,347,0,3,37290240,0,0,0,0,0
42151,-1,Für saubere Luft sorgen,,23340,45619,0,-1,0,0,0,0,0,0,0,0,0,0,19341,109,347,0,3,41484544,8192,0,0,0,0
42154,-1,Helft einem Welpen,,23341,48602,0,-1,0,0,0,0,0,0,0,0,0,0,19343,115,347,0,3,3735808,0,0,0,0,0
42159,-1,Training mit den Nachtwächtern,,23343,48602,0,-1,0,0,0,0,0,0,0,0,0,0,19347,115,347,0,3,3735808,0,0,0,0,0
42160,-1,Unwillkommene Besucher,,23344,47901,0,-1,0,0,0,0,0,0,0,0,0,0,19350,109,347,0,3,37290240,8192,0,41694,0,0
42165,-1,Exemplare aus Azsuna,,23345,48602,0,-1,0,0,0,0,0,0,0,0,0,0,19385,115,347,0,3,3735808,0,0,0,0,0
42169,-1,Totgeglaubt zurückgelassen,,25395,45618,0,-1,0,0,0,0,0,0,0,0,0,0,19356,109,347,0,3,37290240,0,0,0,0,0
42172,-1,Leygrottenverseuchung,,23356,47901,0,-1,0,0,0,0,0,0,0,0,0,0,19366,109,347,0,3,37290240,8192,0,41694,0,0
42173,-1,Elektrohappen,,23361,47897,0,-1,0,0,0,0,0,0,0,0,0,0,19367,109,347,0,3,41484544,8192,0,41694,0,0
42174,-1,Champions von Elune,,23359,39947,0,-1,0,0,0,0,0,0,0,0,0,0,19352,109,347,0,3,39387392,0,0,39992,0,0
42176,-1,Skovald erhebt sich,,23371,47897,0,-1,0,0,0,0,0,0,0,0,0,0,19353,109,347,0,3,40435968,8192,0,41694,0,0
42177,-1,Die Rückeroberung von Morheim,,23368,47897,0,-1,0,0,0,0,0,0,0,0,0,0,19369,109,347,0,3,41484544,8192,0,41694,0,0
42178,-1,Schockabsorbierer,,23388,42474,0,-1,0,0,0,0,0,0,0,0,0,0,19370,109,347,0,3,41484544,8192,0,41694,0,0
42182,-6184943489809468494,In den Kampf!,,23387,47897,0,-1,0,0,0,0,0,0,0,0,0,0,19376,109,347,0,3,37290240,0,0,41694,0,0
42183,6130900294268439629,In den Kampf!,,24987,47897,0,-1,0,0,0,0,0,0,0,0,0,0,19376,109,347,0,3,37290240,0,0,41694,0,0
42190,-1,Wildtierschützer,,23399,48602,0,-1,0,0,0,0,0,0,0,0,0,0,19392,115,347,0,3,3735808,0,0,0,0,0
42209,-1,Befreiung der Entführten,,23856,41006,0,-1,0,0,0,0,0,0,0,0,0,0,19381,135,347,0,3,41615616,0,0,0,0,0
42211,-1,Leodraths Sippe,,23423,47901,0,-1,0,0,0,0,0,0,0,0,0,0,19382,109,347,0,3,37290240,8192,0,41694,0,0
42239,-1,Hallen der Tapferkeit: Der Bärenkönig,,23440,42253,0,-1,0,0,0,0,0,0,0,0,0,0,19308,137,347,0,3,35193088,0,2,0,0,0
42240,-1,Hallen der Tapferkeit: Schwerfällige Wilderei,,23441,42253,0,-1,0,0,0,0,0,0,0,0,0,0,19307,137,347,0,3,35193088,0,2,0,0,0
42241,-1,Hallen der Tapferkeit: Eine würdige Herausforderung,,23442,42253,0,-1,0,0,0,0,0,0,0,0,0,0,19286,137,347,0,3,35193088,0,2,0,0,0
42242,-1,Hallen der Tapferkeit: Ein Geschenk für Vethir,,23443,42902,0,-1,0,0,0,0,0,0,0,0,0,0,19314,137,347,0,3,35193088,0,2,0,0,0
42243,-1,Hallen der Tapferkeit: Taten der Vergangenheit,,23446,42902,0,-1,0,0,0,0,0,0,0,0,0,0,19394,137,347,0,3,35193088,0,2,0,0,0
42269,-1,Die Seelenräuber,,23448,45690,0,-1,0,0,0,0,0,0,0,0,0,0,19404,112,347,0,3,37290304,0,0,0,0,0
42270,-1,Geißel der Himmel,,23452,45690,0,-1,0,0,0,0,0,0,0,0,0,0,19405,112,347,0,3,37290304,0,0,0,0,0
42274,-1,Denkt denn niemand an die Welpen?,,23456,47901,0,-1,0,0,0,0,0,0,0,0,0,0,19429,109,347,0,3,37290240,0,0,0,0,0
42275,-1,"Nicht, solange ich hier wache",,23457,47901,0,-1,0,0,0,0,0,0,0,0,0,0,19430,109,347,0,3,37290240,0,0,0,0,0
42276,-1,"Ekelhaft, aber nützlich",,23458,47901,0,-1,0,0,0,0,0,0,0,0,0,0,19431,109,347,0,3,37290240,0,0,0,0,0
42277,-1,Eindringlinge!,,23459,47901,0,-1,0,0,0,0,0,0,0,0,0,0,19432,109,347,0,3,37290240,0,0,0,0,0
42373,-1,Rache für die Dunkelsteine,,23512,74379,0,-1,5,0,0,0,0,0,0,0,0,0,0,0,333,0,3,38338560,0,32768,39391,39425,39588
42431,-1,Nithoggs Brut,,23584,0,0,-1,0,0,0,0,0,0,0,0,0,0,0,0,334,0,3,38338560,8192,32768,0,0,0
42442,-1,Kampfnacht: Amalia,,23593,38948,0,-1,0,0,0,0,0,0,0,0,0,0,19474,115,347,0,3,3735808,0,0,0,0,0
42506,-1,Folianten alter Zeiten,,23645,47901,0,-1,0,0,0,0,0,0,0,0,0,0,19483,109,347,0,3,37290240,0,0,0,0,0
42511,-1,Verzerrte Seelen,,23651,47901,0,-1,0,0,0,0,0,0,0,0,0,0,19486,109,347,0,3,37290240,0,0,0,0,0
42620,-1,GESUCHT: Arkavellus,,23753,47901,0,-1,0,0,0,0,0,0,0,0,0,0,19736,109,347,0,3,3735872,0,0,0,0,0
42623,-1,Piraterie zahlt sich nicht aus,,23757,47901,0,-1,0,0,0,0,0,0,0,0,0,0,19514,109,347,0,3,37290240,0,0,0,0,0
42624,-1,Anführer der Flotte,,23758,47901,0,-1,0,0,0,0,0,0,0,0,0,0,19515,109,347,0,3,37290240,0,0,0,0,0
42631,-1,GESUCHT: Inquisitor Tivos,,23762,47901,0,-1,0,0,0,0,0,0,0,0,0,0,19740,109,347,0,3,3735872,0,0,0,0,0
42633,-1,GESUCHT: Vorthax,,23766,47901,0,-1,0,0,0,0,0,0,0,0,0,0,19741,109,347,0,3,3735872,0,0,0,0,0
42636,-1,GESUCHT: Arkanist Shal'iman,,23767,47901,0,-1,0,0,0,0,0,0,0,0,0,0,19735,109,347,0,3,3735872,0,0,0,0,0
42652,-1,Uralte Exemplare,,23832,47901,0,-1,0,0,0,0,0,0,0,0,0,0,19554,111,347,0,3,37290240,0,0,0,0,0
42711,-1,Die ewigen Magier,,23834,47901,0,-1,0,0,0,0,0,0,0,0,0,0,19555,109,347,0,3,37290240,0,0,0,0,0
42712,-1,Das Auge Azsharas: Verzwickte Lage,,23838,42253,0,-1,0,0,0,0,0,0,0,0,0,0,19547,137,347,0,3,35193088,0,2,0,0,0
42713,-1,Das Auge Azsharas: Schneckentempo,,23843,42253,0,-1,0,0,0,0,0,0,0,0,0,0,19548,137,347,0,3,35193088,0,2,0,0,0
42714,-1,Das Finsterherzdickicht: Mythana,,23849,42253,0,-1,0,0,0,0,0,0,0,0,0,0,18130,137,347,0,3,37290240,0,2,0,0,0
42723,-1,"Das Auge Azsharas: Harte Schale, weicher Kern",,23858,42253,0,-1,0,0,0,0,0,0,0,0,0,0,19549,137,347,0,3,35193088,0,2,0,0,0
42725,-1,Den Reichtum teilen,,23867,41006,0,-1,0,0,0,0,0,0,0,0,0,0,19582,135,347,0,3,37290240,0,0,0,0,0
42742,-1,Das Finsterherzdickicht: Zornfäule,,23887,42253,0,-1,0,0,0,0,0,0,0,0,0,0,18131,137,347,0,3,37290240,0,2,0,0,0
42743,-1,Das Finsterherzdickicht: Kudzilla,,23886,42253,0,-1,0,0,0,0,0,0,0,0,0,0,18132,137,347,0,3,37290240,0,2,0,0,0
42744,-1,Das Finsterherzdickicht: Bewahrung der Bewahrer,,23885,42902,0,-1,0,0,0,0,0,0,0,0,0,0,19552,137,347,0,3,37290240,0,2,0,0,0
42745,-1,Das Finsterherzdickicht: Bärendienst,,23884,42902,0,-1,0,0,0,0,0,0,0,0,0,0,19583,137,347,0,3,37290240,0,2,0,0,0
42746,-1,Das Auge Azsharas: Abgewrackt,,23890,42902,0,-1,0,0,0,0,0,0,0,0,0,0,19550,137,347,0,3,35193088,0,2,0,0,0
42755,-1,Das Auge Azsharas: Azsunianische Perlen,,24902,42902,0,-1,0,0,0,0,0,0,0,0,0,0,19551,137,347,0,3,35193088,0,2,0,0,0
42757,-1,Der Seelenschlund: Bedrohung der See,,23906,42253,0,-1,0,0,0,0,0,0,0,0,0,0,19573,137,347,0,3,35193088,0,2,0,0,0
42764,-1,Der Hof der Sterne: Der Geist in der Maschine,,23914,45063,0,-1,0,0,0,0,0,0,0,0,0,0,19589,137,347,0,3,35193088,0,2,0,0,0
42769,-1,Der Hof der Sterne: Bringt mir die Augen,,23932,45063,0,-1,0,0,0,0,0,0,0,0,0,0,19590,137,347,0,3,35193088,0,2,0,0,0
42779,-1,Die schlummernde Verderbnis,,23946,45690,0,-1,0,0,0,0,0,0,0,0,0,0,19597,112,347,0,3,37290304,0,0,0,0,0
42780,-1,Der Seelenschlund: Aus dem Schlund der Hölle,,23929,42253,0,-1,0,0,0,0,0,0,0,0,0,0,19574,137,347,0,3,35193088,0,2,0,0,0
42781,-1,Der Hof der Sterne: Entwaffnung der Wache,,23903,45063,0,-1,0,0,0,0,0,0,0,0,0,0,19591,137,347,0,3,35193088,0,2,0,0,0
42783,-1,Der Hof der Sterne: Blüten der Nacht,,23933,45063,0,-1,0,0,0,0,0,0,0,0,0,0,19592,137,347,0,3,35193088,0,2,0,0,0
42784,-1,Der Hof der Sterne: Die hinterlistige Schülerin,,23934,45063,0,-1,0,0,0,0,0,0,0,0,0,0,19593,137,347,0,3,35193088,0,2,0,0,0
42785,-1,GEFAHR: Höhlenmutter Ylva,,23943,47897,0,-1,0,0,0,0,0,0,0,0,0,0,19598,136,347,0,3,37290304,0,0,0,0,0
42788,-1,Der Seelenschlund: Die Rückkehr der Bestie,,23959,42253,0,-1,0,0,0,0,0,0,0,0,0,0,19575,137,347,0,3,35193088,0,2,0,0,0
42795,-1,GESUCHT: Sanaar,,23963,38948,0,-1,0,0,0,0,0,0,0,0,0,0,20477,109,347,0,3,3735872,0,0,0,0,0
42796,-1,GESUCHT: Brutmutter Shu'malis,,23964,38948,0,-1,0,0,0,0,0,0,0,0,0,0,20470,109,347,0,3,3735872,0,0,0,0,0
42797,-1,GEFAHR: Sichelmeister Cil'raman,,25420,38948,0,-1,0,0,0,0,0,0,0,0,0,0,19187,136,347,0,3,3735872,0,0,0,0,0
42798,-1,GEFAHR: Jägerin Estrid,,23968,47897,0,-1,0,0,0,0,0,0,0,0,0,0,19604,136,347,0,3,37290304,0,0,0,0,0
42799,-1,GEFAHR: Oglok der Rasende,,23965,38948,0,-1,0,0,0,0,0,0,0,0,0,0,19610,136,347,0,3,3735872,0,0,0,0,0
42806,-1,GEFAHR: Fjorlag der Grabeshauch,,23981,47897,0,-1,0,0,0,0,0,0,0,0,0,0,19618,136,347,0,3,37290304,0,0,0,0,0
42819,-1,Taschenzauberer,,23996,45690,0,-1,0,0,0,0,0,0,0,0,0,0,19627,112,347,0,3,37290304,0,0,0,0,0
42820,-1,GEFAHR: Aegir Wellenschmetterer,,23998,47897,0,-1,0,0,0,0,0,0,0,0,0,0,19632,136,347,0,3,37290304,0,0,0,0,0
42830,-1,Ungezieferbehandlung,,24041,41007,0,-1,0,0,0,0,0,0,0,0,0,0,19642,135,347,0,3,37421312,0,0,0,0,0
42859,-1,Ein Trank der Hoffnung,,24163,41006,0,-1,0,0,0,0,0,0,0,0,0,0,19687,135,347,0,3,41484544,0,0,0,0,0
42861,-1,GEFAHR: Felssturz der Zerfressene,,24048,47897,0,-1,0,0,0,0,0,0,0,0,0,0,19646,136,347,0,3,37290304,0,0,0,0,0
42864,-1,GEFAHR: Kapitän Dargun,,24053,47897,0,-1,0,0,0,0,0,0,0,0,0,0,19647,136,347,0,3,37290304,0,0,0,0,0
42870,-1,GEFAHR: Kathaw der Wilde,,24061,47895,0,-1,0,0,0,0,0,0,0,0,0,0,19655,136,347,0,3,37290304,0,0,0,0,0
42880,-1,Das erfüllte Soll,,24073,41007,0,-1,0,0,0,0,0,0,0,0,0,0,19657,135,347,0,3,37290240,0,0,0,0,0
42922,-1,Das Verlies der Wächterinnen: Startsequenz,,24104,42902,0,-1,0,0,0,0,0,0,0,0,0,0,19666,137,347,0,3,35193088,0,2,0,0,0
42923,-1,Das Verlies der Wächterinnen: Energietransfer,,24105,42902,0,-1,0,0,0,0,0,0,0,0,0,0,9855,137,347,0,3,35193088,0,2,0,0,0
42924,-1,Das Verlies der Wächterinnen: Eine finstere Angelegenheit,,24112,42902,0,-1,0,0,0,0,0,0,0,0,0,0,19668,137,347,0,3,35193088,0,2,0,0,0
42925,-1,Das Verlies der Wächterinnen: Was lauert in der Tiefe,,24113,42253,0,-1,0,0,0,0,0,0,0,0,0,0,9855,137,347,0,3,35193088,0,2,0,0,0
42926,-1,Das Verlies der Wächterinnen: Wie ist er da hochgekommen?,,24114,42253,0,-1,0,0,0,0,0,0,0,0,0,0,19670,137,347,0,3,35193088,0,2,0,0,0
42927,-1,GEFAHR: Malisandra,,24131,47895,0,-1,0,0,0,0,0,0,0,0,0,0,19663,136,347,0,3,37290304,0,0,0,0,0
42953,-1,GEFAHR: Seelenbinderin Halldora,,24142,47897,0,-1,0,0,0,0,0,0,0,0,0,0,19673,136,347,0,3,37290304,0,0,0,0,0
42962,-1,Geheime Korrespondenz,,24156,41006,0,-1,0,0,0,0,0,0,0,0,0,137299,19677,135,347,0,3,37421312,6,0,0,0,0
42963,-1,GEFAHR: Rulf Knochenknacker,,24158,47897,0,-1,0,0,0,0,0,0,0,0,0,0,19678,136,347,0,3,37290304,0,0,0,0,0
42964,-1,GEFAHR: Lagertha,,24159,47897,0,-1,0,0,0,0,0,0,0,0,0,0,19639,136,347,0,3,37290304,0,0,0,0,0
42969,-1,Ein Spion unter uns,,24161,41006,0,-1,0,0,0,0,0,0,0,0,0,0,19685,135,347,0,3,41484544,2,0,0,0,0
42991,-1,GEFAHR: Runenseher Sigvid,,24186,47897,0,-1,0,0,0,0,0,0,0,0,0,0,19690,136,347,0,3,37290304,0,0,0,0,0
43027,-1,GEFAHR: Mortiferus,,24224,47901,0,-1,0,0,0,0,0,0,0,0,0,0,19697,136,347,0,3,37290304,0,0,0,0,0
43040,-1,GEFAHR: Valakar der Durstige,,24255,47901,0,-1,0,0,0,0,0,0,0,0,0,0,19698,136,347,0,3,37290304,0,0,0,0,0
43059,-1,GEFAHR: Fjordun,,24254,47901,0,-1,0,0,0,0,0,0,0,0,0,0,19699,136,347,0,3,37290304,0,0,0,0,0
43063,-1,GEFAHR: Sturmfeder,,24707,47901,0,-1,0,0,0,0,0,0,0,0,0,0,19700,136,347,0,3,37290304,0,0,0,0,0
43072,-1,GEFAHR: Die Flüsterin,,24267,47901,0,-1,0,0,0,0,0,0,0,0,0,0,19702,136,347,0,3,37290304,0,0,0,0,0
43079,-1,GEFAHR: Feurio,,24706,47901,0,-1,0,0,0,0,0,0,0,0,0,0,19703,136,347,0,3,37290304,0,0,0,0,0
43091,-1,GEFAHR: Arkanor Prime,,24289,47901,0,-1,0,0,0,0,0,0,0,0,0,0,19706,136,347,0,3,37290304,0,0,0,0,0
43098,-1,GEFAHR: Marblub der Massive,,24295,47901,0,-1,0,0,0,0,0,0,0,0,0,0,19707,136,347,0,3,37290304,0,0,0,0,0
43101,-1,GEFAHR: Hexendoktor Grgl-Brgl,,24348,47895,0,-1,0,0,0,0,0,0,0,0,0,0,19708,136,347,0,3,37290304,0,0,0,0,0
43121,-1,GEFAHR: Hauptschatzmeister Jabril,,24376,47901,0,-1,0,0,0,0,0,0,0,0,0,0,19724,136,347,0,3,37290304,0,0,0,0,0
43152,-1,GEFAHR: Lytheron,,24351,47895,0,-1,0,0,0,0,0,0,0,0,0,0,19730,136,347,0,3,37290304,0,0,0,0,0
43175,-1,GEFAHR: Tiefenschere,,24375,47901,0,-1,0,0,0,0,0,0,0,0,0,0,19742,136,347,0,3,37290304,0,0,0,0,0
43183,6130900294268439629,Angriff auf den Turm der Wächterinnen: Die Sternenjägerwacht,,24387,47895,0,-1,0,0,0,0,0,0,0,0,0,0,18675,113,347,0,3,37290240,0,0,0,0,0
43192,-1,Schrecken der Tiefe,,24399,45690,0,-1,0,0,0,0,0,0,0,0,0,0,19603,112,347,0,3,37290304,0,0,0,0,0
43193,-1,Unheilvolle Absichten,,24400,45690,0,-1,0,0,0,0,0,0,0,0,0,0,19695,112,347,0,3,37290304,0,0,0,0,0
43241,-1,Fluss des Alptraums,,24451,45636,0,-1,0,0,0,0,0,0,0,0,0,0,0,0,332,0,3,34144256,0,32768,0,0,0
43247,-6184943489809468494,Angriff auf den Turm der Wächterinnen: Finsterfolgs Turm,,24457,47895,0,-1,0,0,0,0,0,0,0,0,0,0,18675,113,347,0,3,37290240,0,0,0,0,0
43248,6130900294268439629,Angriff auf den Turm der Wächterinnen: Finsterfolgs Turm,,24458,47895,0,-1,0,0,0,0,0,0,0,0,0,0,18630,113,347,0,3,37290240,0,0,0,0,0
43324,-1,Zorn der Eulenbestien,,24566,47895,0,-1,0,0,0,0,0,0,0,0,0,0,19850,109,347,0,3,41484544,0,0,0,0,0
43325,-1,Leyrennen,,24561,48387,0,-1,0,0,0,0,0,0,0,0,0,0,20478,109,347,0,3,35193088,0,0,0,0,0
43326,-1,Erkunden,,24565,47904,0,-1,0,0,0,0,0,0,0,0,0,0,19852,109,347,0,3,35193088,0,0,0,0,0
43327,-1,Die Magie des Flugs,,24567,47901,0,-1,0,0,0,0,0,0,0,0,0,0,20479,109,347,0,3,-2112290560,0,0,0,0,0
43328,-1,Geheimnisvoll,,24568,47901,0,-1,0,0,0,0,0,0,0,0,0,0,20480,109,347,0,3,-2110193408,0,0,0,0,0
43329,-1,Entrinnen,,24569,47904,0,-1,0,0,0,0,0,0,0,0,0,0,19856,109,347,0,3,35193088,0,0,0,0,0
43330,-1,Feuereffekt,,24570,47904,0,-1,0,0,0,0,0,0,0,0,0,0,19855,109,347,0,3,35193088,0,0,0,0,0
43332,-1,Grell im Körbchen,,24574,47895,0,-1,0,0,0,0,0,0,0,0,0,0,19883,109,347,0,3,41484544,0,0,0,0,0
43333,-1,GEFAHR: Nylaathria die Vergessene,,24578,47895,0,-1,0,0,0,0,0,0,0,0,0,0,19882,136,347,0,3,37290304,0,0,0,0,0
43336,-1,Läuterung des Alptraums,,24581,47895,0,-1,0,0,0,0,0,0,0,0,0,0,19886,109,347,0,3,37290240,0,0,0,0,0
43344,-1,GEFAHR: Aodh Welkblüte,,24599,47895,0,-1,0,0,0,0,0,0,0,0,0,0,19941,136,347,0,3,37290304,0,0,0,0,0
43345,-1,GEFAHR: Herold der Schreie,,24603,47895,0,-1,0,0,0,0,0,0,0,0,0,0,19943,136,347,0,3,37290304,0,0,0,0,0
43346,-1,GEFAHR: Ealdis,,24605,47895,0,-1,0,0,0,0,0,0,0,0,0,0,19954,136,347,0,3,37290304,0,0,0,0,0
43347,-1,GEFAHR: Rabxach,,24608,47895,0,-1,0,0,0,0,0,0,0,0,0,0,19937,136,347,0,3,37290304,0,0,0,0,0
43426,-1,GESUCHT: Brogozog,,24705,47901,0,-1,0,0,0,0,0,0,0,0,0,0,19737,109,347,0,3,3735872,0,0,0,0,0
43427,-1,GESUCHT: Höllenbestienfürst,,24702,47901,0,-1,0,0,0,0,0,0,0,0,0,0,19739,109,347,0,3,3735872,0,0,0,0,0
43428,-1,GESUCHT: Verdammnislord Kazrok,,24703,47901,0,-1,0,0,0,0,0,0,0,0,0,0,19738,109,347,0,3,3735872,0,0,0,0,0
43429,-1,GESUCHT: Syphonus,,24700,47901,0,-1,0,0,0,0,0,0,0,0,0,0,19753,109,347,0,3,3735872,0,0,0,0,0
43430,-1,GESUCHT: Hauptmann Volo'ren,,24704,47901,0,-1,0,0,0,0,0,0,0,0,0,0,19758,109,347,0,3,3735872,0,0,0,0,0
43431,-1,GESUCHT: Kriegshetzer Mox'na,,24693,47901,0,-1,0,0,0,0,0,0,0,0,0,0,19970,109,347,0,3,3735872,0,0,0,0,0
43432,-1,GESUCHT: Normantis der Entthronte,,24701,47901,0,-1,0,0,0,0,0,0,0,0,0,0,19781,109,347,0,3,3735872,0,0,0,0,0
43434,-1,GESUCHT: Fathnyr,,24699,47897,0,-1,0,0,0,0,0,0,0,0,0,0,19792,109,347,0,3,3735872,0,0,0,0,0
43435,-1,Die Schlacht geht weiter,,24697,45616,0,-1,0,0,0,0,0,0,0,0,0,0,19973,109,347,0,3,37290240,8194,0,0,0,0
43436,-1,GESUCHT: Glimar Eisenfaust,,24698,47897,0,-1,0,0,0,0,0,0,0,0,0,0,19895,109,347,0,3,3735872,0,0,0,0,0
43437,-1,GESUCHT: Than Irglov,,24709,47897,0,-1,0,0,0,0,0,0,0,0,0,0,19900,109,347,0,3,3735872,0,0,0,0,0
43438,-1,GESUCHT: Der Namenlose König,,24721,47897,0,-1,0,0,0,0,0,0,0,0,0,0,19905,109,347,0,3,3735872,0,0,0,0,0
43445,-1,Luftüberlegenheit,,24715,41856,0,-1,0,0,0,0,0,0,0,0,0,0,19974,109,347,0,3,41484544,8192,0,0,0,0
43448,-1,Der gefrorene König,,24719,45690,0,-1,0,0,0,0,0,0,0,0,0,0,19975,112,347,0,3,37290304,0,0,0,0,0
43450,-1,GESUCHT: Tiptog der Verlorene,,24722,47897,0,-1,0,0,0,0,0,0,0,0,0,0,19911,109,347,0,3,3735872,0,0,0,0,0
43451,-1,GESUCHT: Urgev der Schinder,,24724,47897,0,-1,0,0,0,0,0,0,0,0,0,0,19917,109,347,0,3,3735872,0,0,0,0,0
43452,-1,GESUCHT: Isel der Hammer,,24723,47897,0,-1,0,0,0,0,0,0,0,0,0,0,19922,109,347,0,3,3735872,0,0,0,0,0
43453,-1,GESUCHT: Hannval der Schlächter,,24725,47897,0,-1,0,0,0,0,0,0,0,0,0,0,19927,109,347,0,3,3735872,0,0,0,0,0
43454,-1,GESUCHT: Egyl der Ausdauernde,,24726,47897,0,-1,0,0,0,0,0,0,0,0,0,0,19934,109,347,0,3,3735872,0,0,0,0,0
43455,-1,GESUCHT: Verschlingende Finsternis,,25419,47899,0,-1,0,0,0,0,0,0,0,0,0,0,19800,109,347,0,3,3735872,0,0,0,0,0
43456,-1,GESUCHT: Skul'vrax,,24727,47895,0,-1,0,0,0,0,0,0,0,0,0,0,19806,109,347,0,3,3735872,0,0,0,0,0
43457,-1,GESUCHT: Theryssia,,24728,47895,0,-1,0,0,0,0,0,0,0,0,0,0,19811,109,347,0,3,3735872,0,0,0,0,0
43458,-1,GESUCHT: Perrexx,,24729,47895,0,-1,0,0,0,0,0,0,0,0,0,0,19816,109,347,0,3,3735872,0,0,0,0,0
43459,-1,GESUCHT: Thondrax,,24730,47895,0,-1,0,0,0,0,0,0,0,0,0,0,19822,109,347,0,3,3735872,0,0,0,0,0
43460,-1,GESUCHT: Kiranys Abendwisper,,24731,47895,0,-1,0,0,0,0,0,0,0,0,0,0,19951,109,347,0,3,3735872,0,0,0,0,0
43483,-1,Teufelsvernichtung,,24761,41989,0,-1,0,0,0,0,0,0,0,0,0,0,0,0,345,0,3,39387136,8192,0,0,0,0
43512,-1,Ana-Mouz,,24785,45690,0,-1,0,0,0,0,0,0,0,0,0,0,20023,112,347,0,3,37290304,0,0,0,0,0
43513,-1,Na'zak das Scheusal,,24786,45690,0,-1,0,0,0,0,0,0,0,0,0,0,20025,112,347,0,3,37290304,0,0,0,0,0
43583,-1,Das Leben findet einen Weg,,24866,42874,0,-1,0,0,0,0,0,0,0,0,0,0,20027,109,347,0,3,41484544,0,0,0,0,0
43598,-6184943489809468494,Angriff auf den Turm der Wächterinnen: Das Schwarzfalkenbollwerk,,24883,47897,0,-1,0,0,0,0,0,0,0,0,0,0,18753,113,347,0,3,37290240,0,0,0,0,0
43599,6130900294268439629,Angriff auf den Turm der Wächterinnen: Das Schwarzfalkenbollwerk,,24884,47897,0,-1,0,0,0,0,0,0,0,0,0,0,18752,113,347,0,3,37290240,0,0,0,0,0
43600,-6184943489809468494,Angriff auf den Turm der Wächterinnen: Wisperwinds Zitadelle,,24885,47897,0,-1,0,0,0,0,0,0,0,0,0,0,18752,113,347,0,3,37290240,0,0,0,0,0
43601,6130900294268439629,Angriff auf den Turm der Wächterinnen: Wisperwinds Zitadelle,,24886,47897,0,-1,0,0,0,0,0,0,0,0,0,0,18753,113,347,0,3,37290240,0,0,0,0,0
43605,-1,GESUCHT: Arkanist Shal'iman,,25283,47901,0,-1,0,0,0,0,0,0,0,0,0,0,19718,135,347,0,3,3735872,0,0,0,0,0
43606,-1,GESUCHT: Arkavellus,,25282,47901,0,-1,0,0,0,0,0,0,0,0,0,0,19717,135,347,0,3,3735872,0,0,0,0,0
43607,-1,GESUCHT: Brogozog,,25281,47901,0,-1,0,0,0,0,0,0,0,0,0,0,19710,135,347,0,3,3735872,0,0,0,0,0
43608,-1,GESUCHT: Hauptmann Volo'ren,,25280,47901,0,-1,0,0,0,0,0,0,0,0,0,0,19757,135,347,0,3,3735872,0,0,0,0,0
43609,-1,GESUCHT: Verdammnislord Kazrok,,25279,47901,0,-1,0,0,0,0,0,0,0,0,0,0,19734,135,347,0,3,3735872,0,0,0,0,0
43610,-1,GESUCHT: Höllenbestienfürst,,25278,47901,0,-1,0,0,0,0,0,0,0,0,0,0,19728,135,347,0,3,3735872,0,0,0,0,0
43611,-1,GESUCHT: Inquisitor Tivos,,25277,47901,0,-1,0,0,0,0,0,0,0,0,0,0,19716,135,347,0,3,3735872,0,0,0,0,0
43612,-1,GESUCHT: Normantis der Entthronte,,25276,47901,0,-1,0,0,0,0,0,0,0,0,0,0,19766,135,347,0,3,3735872,0,0,0,0,0
43613,-1,GESUCHT: Syphonus,,25274,47901,0,-1,0,0,0,0,0,0,0,0,0,0,19752,135,347,0,3,3735872,0,0,0,0,0
43614,-1,GESUCHT: Vorthax,,25275,47901,0,-1,0,0,0,0,0,0,0,0,0,0,19715,135,347,0,3,3735872,0,0,0,0,0
43615,-1,GESUCHT: Kriegshetzer Mox'na,,25273,47901,0,-1,0,0,0,0,0,0,0,0,0,0,19762,135,347,0,3,3735872,0,0,0,0,0
43616,-1,GESUCHT: Bodash der Hamsterer,,25301,47899,0,-1,0,0,0,0,0,0,0,0,0,0,19944,135,347,0,3,3735872,0,0,0,0,0
43617,-1,GESUCHT: Verschlingende Finsternis,,25300,47899,0,-1,0,0,0,0,0,0,0,0,0,0,19799,135,347,0,3,3735872,0,0,0,0,0
43618,-1,GESUCHT: Gurbog der Klopper,,25299,47899,0,-1,0,0,0,0,0,0,0,0,0,0,19939,135,347,0,3,3735872,0,0,0,0,0
43619,-1,GESUCHT: Shara Teufelshauch,,25298,47899,0,-1,0,0,0,0,0,0,0,0,0,0,19834,135,347,0,3,3735872,0,0,0,0,0
43620,-1,GESUCHT: Egyl der Ausdauernde,,25297,47897,0,-1,0,0,0,0,0,0,0,0,0,0,19932,135,347,0,3,3735872,0,0,0,0,0
43621,-1,GESUCHT: Fathnyr,,25296,47897,0,-1,0,0,0,0,0,0,0,0,0,0,19791,135,347,0,3,3735872,0,0,0,0,0
43622,-1,GESUCHT: Glimar Eisenfaust,,25295,47897,0,-1,0,0,0,0,0,0,0,0,0,0,19894,135,347,0,3,3735872,0,0,0,0,0
43623,-1,GESUCHT: Hannval der Schlächter,,25294,47897,0,-1,0,0,0,0,0,0,0,0,0,0,19925,135,347,0,3,3735872,0,0,0,0,0
43624,-1,GESUCHT: Isel der Hammer,,25293,47897,0,-1,0,0,0,0,0,0,0,0,0,0,19920,135,347,0,3,3735872,0,0,0,0,0
43625,-1,GESUCHT: Der Namenlose König,,25292,47897,0,-1,0,0,0,0,0,0,0,0,0,0,19904,135,347,0,3,3735872,0,0,0,0,0
43626,-1,GESUCHT: Than Irglov,,25291,47897,0,-1,0,0,0,0,0,0,0,0,0,0,19897,135,347,0,3,3735872,0,0,0,0,0
43627,-1,GESUCHT: Tiptog der Verlorene,,25290,47897,0,-1,0,0,0,0,0,0,0,0,0,0,19909,135,347,0,3,3735872,0,0,0,0,0
43628,-1,GESUCHT: Urgev der Schinder,,25289,47897,0,-1,0,0,0,0,0,0,0,0,0,0,19915,135,347,0,3,3735872,0,0,0,0,0
43629,-1,GESUCHT: Kiranys Abendwisper,,25288,47895,0,-1,0,0,0,0,0,0,0,0,0,0,19949,135,347,0,3,3735872,0,0,0,0,0
43630,-1,GESUCHT: Perrexx,,25287,47895,0,-1,0,0,0,0,0,0,0,0,0,0,19815,135,347,0,3,3735872,0,0,0,0,0
43631,-1,GESUCHT: Skul'vrax,,25286,47895,0,-1,0,0,0,0,0,0,0,0,0,0,19805,135,347,0,3,3735872,0,0,0,0,0
43632,-1,GESUCHT: Theryssia,,25285,47895,0,-1,0,0,0,0,0,0,0,0,0,0,19810,135,347,0,3,3735872,0,0,0,0,0
43633,-1,GESUCHT: Thondrax,,25284,47895,0,-1,0,0,0,0,0,0,0,0,0,0,19821,135,347,0,3,3735872,0,0,0,0,0
43637,-1,Der Arkus: Verstopfter Abfluss,,24897,45060,0,-1,0,0,0,0,0,0,0,0,0,0,20040,137,347,0,3,35193088,0,2,0,0,0
43638,-1,Der Arkus: Silberschlange,,24898,45060,0,-1,0,0,0,0,0,0,0,0,0,0,20052,137,347,0,3,35193088,0,2,0,0,0
43639,-1,Der Arkus: Arkanist in Nöten,,24899,45060,0,-1,0,0,0,0,0,0,0,0,0,0,20053,137,347,0,3,35193088,0,2,0,0,0
43640,-1,Der Arkus: Schleichendes Misstrauen,,24900,45060,0,-1,0,0,0,0,0,0,0,0,0,0,20054,137,347,0,3,35193088,0,2,0,0,0
43641,-1,Der Arkus: Wandernde Seuche,,24901,45060,0,-1,0,0,0,0,0,0,0,0,0,0,20055,137,347,0,3,35193088,0,2,0,0,0
43642,-1,Rabenwehr: Der Kummer,,24905,42253,0,-1,0,0,0,0,0,0,0,0,0,0,20058,137,347,0,3,35193088,0,2,0,0,0
43709,-1,Keulen machen Beulen,,25022,47895,0,-1,0,0,0,0,0,0,0,0,0,0,20105,109,347,0,3,41484544,0,0,0,0,0
43710,-1,Dunkle Runen,,25049,47897,0,-1,0,0,0,0,0,0,0,0,0,0,20108,109,347,0,3,37290240,0,0,41694,0,0
43711,-1,Rabenwehr: ...Mit Feuer!,,25045,42253,0,-1,0,0,0,0,0,0,0,0,0,0,20090,137,347,0,3,35193088,0,2,0,0,0
43712,-1,Rabenwehr: Der verrückte Arkanist,,25047,42253,0,-1,0,0,0,0,0,0,0,0,0,0,20102,137,347,0,3,35193088,0,2,0,0,0
43714,-1,Rabenwehr: Schlimmer geht's nicht,,25048,42253,0,-1,0,0,0,0,0,0,0,0,0,0,20113,137,347,0,3,35193088,0,2,0,0,0
43721,-1,Die Helarjar sind aufgetaucht,,25059,47897,0,-1,0,0,0,0,0,0,0,0,0,0,20116,136,347,0,3,37290240,0,0,41694,0,0
43722,-1,Heilige Knochen,,26355,47897,0,-1,0,0,0,0,0,0,0,0,0,0,20117,136,347,0,3,37290240,0,0,41694,0,0
43738,-1,Düsternis an der Küste,,25081,47895,0,-1,0,0,0,0,0,0,0,0,0,0,20122,109,347,0,3,41484544,8192,0,0,0,0
43745,-1,Ausdünnung der Brut des Sturms,,25061,47897,0,-1,0,0,0,0,0,0,0,0,0,0,20123,136,347,0,3,37290240,0,0,41694,0,0
43751,6130900294268439629,Klar Schiff machen,,25093,47897,0,-1,0,0,0,0,0,0,0,0,0,0,20138,109,347,0,3,41484544,0,0,41694,0,0
43752,-6184943489809468494,Klar Schiff machen,,25131,47897,0,-1,0,0,0,0,0,0,0,0,0,0,20138,109,347,0,3,41484544,0,0,41694,0,0
43753,-1,Leyrennen,,25094,47895,0,-1,0,0,0,0,0,0,0,0,0,0,20490,109,347,0,3,35193088,0,0,0,0,0
43754,-1,Erkunden,,25095,47894,0,-1,0,0,0,0,0,0,0,0,0,0,19877,109,347,0,3,35193088,0,0,0,0,0
43755,-1,Die Magie des Flugs,,25096,47895,0,-1,0,0,0,0,0,0,0,0,0,0,20491,109,347,0,3,-2112290560,0,0,0,0,0
43756,-1,Geheimnisvoll,,25097,47895,0,-1,0,0,0,0,0,0,0,0,0,0,20492,109,347,0,3,-2110193408,0,0,0,0,0
43757,-1,Feuereffekt,,25098,47894,0,-1,0,0,0,0,0,0,0,0,0,0,19880,109,347,0,3,35193088,0,0,0,0,0
43758,-1,Dämmerung auf Schritt und Tritt,,25101,47895,0,-1,0,0,0,0,0,0,0,0,0,0,20136,109,347,0,3,41484544,8192,0,0,0,0
43759,-1,Wo geht's zum Riff?,,25102,47895,0,-1,0,0,0,0,0,0,0,0,0,0,20139,109,347,0,3,41484544,8192,0,0,0,0
43762,-1,Rabenwehr: Tod des Verräters,,25107,42253,0,-1,0,0,0,0,0,0,0,0,0,0,20120,137,347,0,3,35193088,0,2,0,0,0
43764,-1,Leyrennen,,25109,47899,0,-1,0,0,0,0,0,0,0,0,0,0,20481,109,347,0,3,35193088,0,0,0,0,0
43765,-1,Erkunden,,25110,47900,0,-1,0,0,0,0,0,0,0,0,0,0,19858,109,347,0,3,35193088,0,0,0,0,0
43766,-1,Die Magie des Flugs,,25111,47899,0,-1,0,0,0,0,0,0,0,0,0,0,20482,109,347,0,3,-2112290560,0,0,0,0,0
43767,-1,Geheimnisvoll,,25112,48385,0,-1,0,0,0,0,0,0,0,0,0,0,20483,109,347,0,3,-2110193408,0,0,0,0,0
43768,-1,Feuereffekt,,25113,47900,0,-1,0,0,0,0,0,0,0,0,0,0,19862,109,347,0,3,35193088,0,0,0,0,0
43769,-1,Leyrennen,,25114,47897,0,-1,0,0,0,0,0,0,0,0,0,0,20484,109,347,0,3,35193088,0,0,0,0,0
43770,-1,Erkunden,,25115,47898,0,-1,0,0,0,0,0,0,0,0,0,0,19865,109,347,0,3,35193088,0,0,0,0,0
43771,-1,Die Magie des Flugs,,25116,48386,0,-1,0,0,0,0,0,0,0,0,0,0,20485,109,347,0,3,-2112290560,0,0,0,0,0
43772,-1,Geheimnisvoll,,25117,47897,0,-1,0,0,0,0,0,0,0,0,0,0,20486,109,347,0,3,-2110193408,0,0,0,0,0
43773,-1,Feuereffekt,,25118,47898,0,-1,0,0,0,0,0,0,0,0,0,0,19868,109,347,0,3,35193088,0,0,0,0,0
43774,-1,Leyrennen,,25120,38948,0,-1,0,0,0,0,0,0,0,0,0,0,20487,109,347,0,3,35193088,0,0,0,0,0
43776,-1,Erkunden,,25121,42886,0,-1,0,0,0,0,0,0,0,0,0,0,19871,109,347,0,3,35193088,0,0,0,0,0
43777,-1,Die Magie des Flugs,,25122,38948,0,-1,0,0,0,0,0,0,0,0,0,0,20488,109,347,0,3,-2112290560,0,0,0,0,0
43778,-1,Geheimnisvoll,,25123,38948,0,-1,0,0,0,0,0,0,0,0,0,0,20489,109,347,0,3,-2110193408,0,0,0,0,0
43779,-1,Feuereffekt,,25124,42886,0,-1,0,0,0,0,0,0,0,0,0,0,19874,109,347,0,3,35193088,0,0,0,0,0
43784,-1,Was für ein Alptraum,,25127,47895,0,-1,0,0,0,0,0,0,0,0,0,0,20153,109,347,0,3,41484544,0,0,0,0,0
43786,-1,Pestnester,,25149,47897,0,-1,0,0,0,0,0,0,0,0,0,0,20159,109,347,0,3,37290240,0,0,41694,0,0
43798,-1,GEFAHR: Kosumoth der Hungernde,,25156,42706,0,-1,0,0,0,0,0,0,0,0,0,0,20161,136,347,0,3,37290304,0,0,0,0,0
43801,-1,Panzerknacken für Fortgeschrittene,,25163,47901,0,-1,0,0,0,0,0,0,0,0,0,0,20162,136,347,0,3,37290240,0,0,41694,0,0
43802,-1,Nasse Gräber,,25164,47901,0,-1,0,0,0,0,0,0,0,0,0,0,20163,136,347,0,3,37290240,0,0,41694,0,0
43803,-1,Ein riesiges Murlocproblem,,25165,47901,0,-1,0,0,0,0,0,0,0,0,0,0,20164,136,347,0,3,37290240,0,0,41694,0,0
43804,-1,Verhasste Hassnattern,,25167,47901,0,-1,0,0,0,0,0,0,0,0,0,0,20165,136,347,0,3,37290240,0,0,41694,0,0
43805,-1,Meucheln unter Wasser,,25168,47901,0,-1,0,0,0,0,0,0,0,0,0,0,20166,136,347,0,3,37290240,0,0,41694,0,0
43807,-1,Verdorrte Streitereien: Zinnobertal,,25171,44105,0,-1,0,0,0,0,0,0,0,0,0,0,20167,109,347,0,3,37290240,8192,0,0,0,0
43814,-1,Unaussprechliche Kollaborateure,,25180,42728,0,-1,0,0,0,0,0,0,0,0,0,0,20171,136,347,0,3,36765960,0,0,0,0,0
43827,-1,Sturm der Sturmschwingen,,25190,42766,0,-1,0,0,0,0,0,0,0,0,0,129161,20177,109,347,0,3,41615616,8192,0,41694,0,0
43930,-1,Unholde von Tel'anor,,25264,45617,0,-1,0,0,0,0,0,0,0,0,0,0,20205,109,347,0,3,37290240,0,0,0,0,0
43932,-1,Mächte der Unterdrückung,,25302,41006,0,-1,0,0,0,0,0,0,0,0,0,0,20207,135,347,0,3,37290240,0,0,0,0,0
43943,-1,Ausbildung der Verdorrtenarmee,,25306,44828,0,-1,0,0,0,0,0,0,0,0,0,0,20222,109,347,0,3,34144576,0,0,44636,0,0
43951,-1,Eine überfällige Schuld,,25318,47897,0,-1,0,0,0,0,0,0,0,0,0,0,20226,109,347,0,3,37290240,0,0,41694,0,0
43959,-1,Erpressung von Haus Stelleris,,25328,42728,0,-1,0,0,0,0,0,0,0,0,0,0,20228,136,347,0,3,37290240,0,0,0,0,0
43963,-1,Vampiraten!,,25337,47897,0,-1,0,0,0,0,0,0,0,0,0,0,20233,109,347,0,3,37290240,0,0,41694,0,0
43964,-1,Ein Festmahl für den Jarl,,25393,42474,0,-1,0,0,0,0,0,0,0,0,0,0,18956,109,347,0,3,37290240,0,0,41694,0,0
43985,-1,Dunkle Gezeiten,,25377,45690,0,-1,0,0,0,0,0,0,0,0,0,0,20267,112,347,0,3,37290304,0,0,0,0,0
44002,-1,Unterwasservermessung,,25389,41005,0,-1,0,0,0,0,0,0,0,0,0,0,20298,109,347,0,3,37290240,0,0,0,0,0
44010,-1,GESUCHT: Oreth der Grässliche,,25405,38948,0,-1,0,0,0,0,0,0,0,0,0,0,20260,109,347,0,3,3735872,0,0,0,0,0
44011,-1,Verlorener Irrwisch,,25404,47895,0,-1,0,0,0,0,0,0,0,0,0,0,20349,109,347,0,3,41484544,8192,0,0,0,0
44012,-1,GESUCHT: Belagerungsmeister Aedrin,,25406,38948,0,-1,0,0,0,0,0,0,0,0,0,0,20266,109,347,0,3,3735872,0,0,0,0,0
44013,-1,GESUCHT: Wächter Thor'el,,25407,38948,0,-1,0,0,0,0,0,0,0,0,0,0,20272,109,347,0,3,3735872,0,0,0,0,0
44015,-1,GESUCHT: Mal'Dreth der Verderber,,25412,38948,0,-1,0,0,0,0,0,0,0,0,0,0,20277,109,347,0,3,3735872,0,0,0,0,0
44016,-1,GESUCHT: Cadraeus,,25418,38948,0,-1,0,0,0,0,0,0,0,0,0,0,20282,109,347,0,3,3735872,0,0,0,0,0
44017,-1,GESUCHT: Apotheker Faldren,,25414,38948,0,-1,0,0,0,0,0,0,0,0,0,0,20287,109,347,0,3,3735872,0,0,0,0,0
44018,-1,GESUCHT: Magister Phaedris,,25415,38948,0,-1,0,0,0,0,0,0,0,0,0,0,20292,109,347,0,3,3735872,0,0,0,0,0
44019,-1,GESUCHT: Leutnant Strathmar,,25416,38948,0,-1,0,0,0,0,0,0,0,0,0,0,20297,109,347,0,3,3735872,0,0,0,0,0
44021,-1,GESUCHT: Hertha Grimmdottir,,25413,38948,0,-1,0,0,0,0,0,0,0,0,0,0,20303,109,347,0,3,3735872,0,0,0,0,0
44022,-1,GESUCHT: Shal'an,,25417,38948,0,-1,0,0,0,0,0,0,0,0,0,0,20322,109,347,0,3,3735872,0,0,0,0,0
44023,-1,GESUCHT: Belagerungsmeister Aedrin,,25421,38948,0,-1,0,0,0,0,0,0,0,0,0,0,20262,135,347,0,3,3735872,0,0,0,0,0
44024,-1,GESUCHT: Shal'an,,25422,38948,0,-1,0,0,0,0,0,0,0,0,0,0,20320,135,347,0,3,3735872,0,0,0,0,0
44025,-1,GESUCHT: Oreth der Grässliche,,25423,38948,0,-1,0,0,0,0,0,0,0,0,0,0,20259,135,347,0,3,3735872,0,0,0,0,0
44026,-1,GESUCHT: Mal'Dreth der Verderber,,25424,38948,0,-1,0,0,0,0,0,0,0,0,0,0,20276,135,347,0,3,3735872,0,0,0,0,0
44027,-1,GESUCHT: Magister Phaedris,,25425,38948,0,-1,0,0,0,0,0,0,0,0,0,0,20291,135,347,0,3,3735872,0,0,0,0,0
44028,-1,GESUCHT: Leutnant Strathmar,,25426,38948,0,-1,0,0,0,0,0,0,0,0,0,0,20296,135,347,0,3,3735872,0,0,0,0,0
44029,-1,GESUCHT: Hertha Grimmdottir,,25427,38948,0,-1,0,0,0,0,0,0,0,0,0,0,20302,135,347,0,3,3735872,0,0,0,0,0
44030,-1,GESUCHT: Wächter Thor'el,,25428,38948,0,-1,0,0,0,0,0,0,0,0,0,0,20268,135,347,0,3,3735872,0,0,0,0,0
44031,-1,GESUCHT: Cadraeus,,25429,38948,0,-1,0,0,0,0,0,0,0,0,0,0,20281,135,347,0,3,3735872,0,0,0,0,0
44032,-1,GESUCHT: Apotheker Faldren,,25430,38948,0,-1,0,0,0,0,0,0,0,0,0,0,20286,135,347,0,3,3735872,0,0,0,0,0
44033,-1,Auf die Nüsse,,25436,47895,0,-1,0,0,0,0,0,0,0,0,0,0,20357,109,347,0,3,41484544,0,0,0,0,0
44044,-1,Teuflische Experimente,,25458,47901,0,-1,0,0,0,0,0,0,0,0,0,0,20363,136,347,0,3,37290240,0,0,0,0,0
44048,-1,Alles Nagana?,,25465,47901,0,-1,0,0,0,0,0,0,0,0,0,0,20365,136,347,0,3,37290240,0,0,0,0,0
44049,-1,Das Böse hat viele Beine,,25466,47901,0,-1,0,0,0,0,0,0,0,0,0,0,20366,136,347,0,3,37290240,0,0,0,0,0
44050,-1,Der Dämonenpakt muss fallen,,25471,47901,0,-1,0,0,0,0,0,0,0,0,0,0,20367,136,347,0,3,37290240,0,0,0,0,0
44054,-1,Dämonizid,,25475,47901,0,-1,0,0,0,0,0,0,0,0,0,0,20368,136,347,0,3,37290240,0,0,0,0,0
44067,-1,Kräfte sammeln,,25493,42728,0,-1,0,0,0,0,0,0,0,0,0,141253,20376,136,347,0,3,37421312,0,0,0,0,0
44113,-1,GEFAHR: Achronos,,25544,38948,0,-1,0,0,0,0,0,0,0,0,0,0,20421,136,347,0,3,37290304,0,0,0,0,0
44114,-1,GEFAHR: Magistrix Vilessa,,25545,38948,0,-1,0,0,0,0,0,0,0,0,0,0,20422,136,347,0,3,37290304,0,0,0,0,0
44118,-1,GEFAHR: Auditor Esiel,,25550,38948,0,-1,0,0,0,0,0,0,0,0,0,0,20425,136,347,0,3,37290304,0,0,0,0,0
44119,-1,GEFAHR: Volshax der Willensbrecher,,25551,38948,0,-1,0,0,0,0,0,0,0,0,0,0,20426,136,347,0,3,37290304,0,0,0,0,0
44121,-1,GEFAHR: Az'jatar,,25553,38948,0,-1,0,0,0,0,0,0,0,0,0,0,20428,136,347,0,3,3735872,0,0,0,0,0
44122,-1,GEFAHR: Sorallus,,25554,38948,0,-1,0,0,0,0,0,0,0,0,0,0,20430,136,347,0,3,3735872,0,0,0,0,0
44157,-1,Verdorrte Streitereien: Tel'anor,,25589,44105,0,-1,0,0,0,0,0,0,0,0,0,0,20439,109,347,0,3,37290240,8192,0,0,0,0
44158,-1,Verdorrte Streitereien: Falanaar,,25590,44105,0,-1,0,0,0,0,0,0,0,0,0,0,20440,109,347,0,3,37290240,8192,0,0,0,0
44185,-1,GESUCHT: Sanaar,,25617,38948,0,-1,0,0,0,0,0,0,0,0,0,0,20476,135,347,0,3,3735872,0,0,0,0,0
44186,-1,GESUCHT: Brutmutter Shu'malis,,25618,38948,0,-1,0,0,0,0,0,0,0,0,0,0,20468,135,347,0,3,3735872,0,0,0,0,0
44187,-1,GEFAHR: Glutschwinge,,25621,47901,0,-1,0,0,0,0,0,0,0,0,0,0,20504,136,347,0,3,37290304,0,0,0,0,0
44189,-1,GEFAHR: Bestrix,,25622,47901,0,-1,0,0,0,0,0,0,0,0,0,0,20503,136,347,0,3,37290304,0,0,0,0,0
44190,-1,GEFAHR: Jade Dunkelhafen,,25623,47901,0,-1,0,0,0,0,0,0,0,0,0,0,20505,136,347,0,3,37290304,0,0,0,0,0
44191,-1,GEFAHR: Karthax,,25624,47901,0,-1,0,0,0,0,0,0,0,0,0,0,20506,136,347,0,3,37290304,0,0,0,0,0
44192,-1,GEFAHR: Lysanis Schattenseele,,25625,47901,0,-1,0,0,0,0,0,0,0,0,0,0,20507,136,347,0,3,37290304,0,0,0,0,0
44193,-1,GEFAHR: Meereskönig Tidross,,25626,47901,0,-1,0,0,0,0,0,0,0,0,0,0,20508,136,347,0,3,37290304,0,0,0,0,0
44194,-1,GEFAHR: Torrentius,,25627,47901,0,-1,0,0,0,0,0,0,0,0,0,0,20509,136,347,0,3,37290304,0,0,0,0,0
44287,-1,TÖDLICH: Verdorrter J'im,,25801,45690,0,-1,0,0,0,0,0,0,0,0,0,0,20358,112,347,0,3,37290304,0,0,0,0,0
44289,-1,GESUCHT: Arru,,25806,47899,0,-1,0,0,0,0,0,0,0,0,0,0,20554,135,347,0,3,3735872,0,0,0,0,0
44290,-1,GESUCHT: Borstenschlund,,25807,47899,0,-1,0,0,0,0,0,0,0,0,0,0,20570,135,347,0,3,3735872,0,0,0,0,0
44291,-1,GESUCHT: Krähenschropf der Hungrige,,25808,47899,0,-1,0,0,0,0,0,0,0,0,0,0,20575,135,347,0,3,3735872,0,0,0,0,0
44292,-1,GESUCHT: Majestätisches Urhorn,,25809,47899,0,-1,0,0,0,0,0,0,0,0,0,0,20551,135,347,0,3,3735872,0,0,0,0,0
44293,-1,GESUCHT: Schlummer,,25810,47899,0,-1,0,0,0,0,0,0,0,0,0,0,20545,135,347,0,3,3735872,0,0,0,0,0
44294,-1,GESUCHT: Sekhan,,25811,47899,0,-1,0,0,0,0,0,0,0,0,0,0,20548,135,347,0,3,3735872,0,0,0,0,0
44298,-1,GESUCHT: Terrormoor,,25815,47895,0,-1,0,0,0,0,0,0,0,0,0,0,20582,109,347,0,3,3735872,0,0,0,0,0
44299,-1,GESUCHT: Grauschatten,,25816,47895,0,-1,0,0,0,0,0,0,0,0,0,0,20588,109,347,0,3,3735872,0,0,0,0,0
44300,-1,GESUCHT: Sehsei,,25817,47895,0,-1,0,0,0,0,0,0,0,0,0,0,20593,109,347,0,3,3735872,0,0,0,0,0
44301,-1,GESUCHT: Bahagar,,25818,47895,0,-1,0,0,0,0,0,0,0,0,0,0,20602,109,347,0,3,3735872,0,0,0,0,0
44302,-1,GESUCHT: Sehsei,,25819,47895,0,-1,0,0,0,0,0,0,0,0,0,0,20592,135,347,0,3,3735872,0,0,0,0,0
44303,-1,GESUCHT: Terrormoor,,25820,47895,0,-1,0,0,0,0,0,0,0,0,0,0,20581,135,347,0,3,3735872,0,0,0,0,0
44304,-1,GESUCHT: Grauschatten,,25821,47895,0,-1,0,0,0,0,0,0,0,0,0,0,20587,135,347,0,3,3735872,0,0,0,0,0
44305,-1,GESUCHT: Bahagar,,25822,47895,0,-1,0,0,0,0,0,0,0,0,0,0,20601,135,347,0,3,3735872,0,0,0,0,0
44494,-1,Brut Alexstraszas,,26056,44612,0,-1,0,0,0,0,0,0,0,0,0,0,0,0,345,0,3,38338560,8192,0,0,0,0
44730,-1,Verheerte Träume,,26249,49404,0,-1,0,0,0,0,0,0,0,0,0,0,20852,139,332,0,3,37290752,0,0,0,0,0
44737,-1,Ankunft der Helarjar: Die Grauen Untiefen,,26256,47903,0,-1,0,0,0,0,0,0,0,0,0,0,20860,135,347,0,3,37290240,0,0,0,0,0
44744,-1,Lebenslinien,,26263,45705,0,-1,0,0,0,0,0,0,0,0,0,0,20870,135,347,0,3,37290240,0,0,0,0,0
44746,-1,Ankunft der Helarjar: Die Beinharte Küste,,26264,47902,0,-1,0,0,0,0,0,0,0,0,0,0,20875,135,347,0,3,37290240,0,0,0,0,0
44748,-1,Geflügelte Schrecken,,26266,47404,0,-1,0,0,0,0,0,0,0,0,0,0,21750,109,347,0,3,37290240,0,0,0,0,0
44751,-1,Kein Soldat wird zurückgelassen,,26268,47404,0,-1,0,0,0,0,0,0,0,0,0,0,21463,109,347,0,3,37290240,8192,0,0,0,0
44759,-1,Das Tal der Angst,,26276,49404,0,-1,0,0,0,0,0,0,0,0,0,0,20890,139,332,0,3,37290752,8192,0,0,0,0
44765,-1,Anglerwettbewerb im Schlingendorntal,,26280,34333,0,-1,0,0,0,0,0,356,1,0,0,0,21650,130,391,0,3,524608,0,0,0,0,0
44769,-1,Bewaffnung der Bevölkerung,,26284,45705,0,-1,0,0,0,0,0,0,0,0,0,0,20906,135,347,0,3,37421312,0,0,0,0,0
44776,-1,Schlapp wie Floppy,,26291,47899,0,-1,0,0,0,0,0,0,0,0,0,0,20909,109,347,0,3,37290240,0,0,0,0,0
44780,-1,Revanche,,26296,46746,0,-1,0,0,0,0,0,0,0,0,0,0,20910,135,347,0,3,37290240,0,0,0,0,0
44784,-1,Fortgeschrittene Zauberstabkunde,,26302,45821,0,-1,0,0,0,0,0,0,0,0,0,0,20911,109,347,0,3,38338816,8192,0,0,0,0
44786,-1,Zwischenprüfung: Runenfähigkeit,,26304,45824,0,-1,0,0,0,0,0,0,0,0,0,0,20912,109,347,0,3,38338816,8192,0,0,0,0
44788,-1,Arbeitsstudie: Bestiarien von Azsuna,,26322,45825,0,-1,0,0,0,0,0,0,0,0,0,0,20913,109,347,0,3,38338816,8192,0,0,0,0
44799,-1,Sichere Aufbewahrung,,26308,45705,0,-1,0,0,0,0,0,0,0,0,0,0,20919,135,347,0,3,37290240,0,0,0,0,0
44801,-1,Verteidigung von Shal'Aran,,26309,45705,0,-1,0,0,0,0,0,0,0,0,0,0,20920,135,347,0,3,37290240,0,0,0,0,0
44802,-1,Uralte Hilfe,,26512,45705,0,-1,0,0,0,0,0,0,0,0,0,0,20921,135,347,0,3,37290240,0,0,0,0,0
44805,-1,Mittendrin statt nur dabei,,26314,45840,0,-1,0,0,0,0,0,0,0,0,0,0,20923,135,347,0,3,37290240,0,0,0,0,0
44811,-1,Hilfe ist auf dem Weg,,26315,45840,0,-1,0,0,0,0,0,0,0,0,0,0,20924,135,347,0,3,37290240,0,0,0,0,0
44812,-1,Mit leerem Magen,,26316,45840,0,-1,0,0,0,0,0,0,0,0,0,0,20925,135,347,0,3,37290240,0,0,0,0,0
44813,-1,Leylinienstörung,,26317,45705,0,-1,0,0,0,0,0,0,0,0,0,142446,20926,135,347,0,3,37290240,0,0,0,0,0
44815,-1,Vorbei mit der Kriecherei,,26318,45705,0,-1,0,0,0,0,0,0,0,0,0,142401,20927,136,347,0,3,37290240,0,0,0,0,0
44816,-1,Andauernde Aussetzung,,26320,50838,0,-1,0,0,0,0,0,0,0,0,0,142509,20928,135,347,0,3,37290240,8192,0,0,0,0
44817,-1,Den Schwarm anstacheln,,26321,45705,0,-1,0,0,0,0,0,0,0,0,0,0,20930,135,347,0,3,3735808,0,0,0,0,0
44823,-1,Aufräumarbeiten in Donnertotem,,26324,5703,0,-1,0,0,0,0,0,0,0,0,0,0,20932,109,347,0,3,38338816,8192,0,0,0,0
44846,-1,Wir machen den Weg frei,,26553,47602,0,4093,0,0,0,0,0,0,0,0,0,0,21313,135,347,0,3,37290240,0,0,0,0,0
44847,-1,Direkt von der Quelle,,26346,47901,0,-1,0,0,0,0,0,0,0,0,0,0,20939,109,347,0,3,41484544,8192,0,37860,0,0
44856,-1,Ganz schön katzbürstig!,,26351,38948,0,-1,0,0,0,0,0,0,0,0,0,0,21101,109,347,0,3,38338816,8192,0,41197,0,0
44857,-1,"Nicht dort, nicht dann, nicht jemals",,26352,38948,0,-1,0,0,0,0,0,0,0,0,0,0,21028,109,347,0,3,41615616,8192,0,41464,0,0
44867,-1,Den Vorstoß stoppen,,26367,45705,0,-1,0,0,0,0,0,0,0,0,0,0,20950,135,347,0,3,37290240,0,0,0,0,0
44884,-1,Verteidigung der Smaragdgrünen Bucht,,26383,49404,0,-1,0,0,0,0,0,0,0,0,0,0,20959,139,332,0,3,37290752,8192,0,0,0,0
44892,-1,Schneefederschwarm!,,26392,47899,0,-1,0,0,0,0,0,0,0,0,0,0,20964,135,347,0,3,41484544,8192,0,41694,0,0
44893,-1,Düsterschnabelschwarm!,,26395,47897,0,-1,0,0,0,0,0,0,0,0,0,0,20966,135,347,0,3,41484544,8192,0,41694,0,0
44894,-1,Blutstarrerschwarm!,,26394,47901,0,-1,0,0,0,0,0,0,0,0,0,0,20965,135,347,0,3,41484544,8192,0,41694,0,0
44895,-1,Scharfkrallenschwarm!,,26393,47895,0,-1,0,0,0,0,0,0,0,0,0,0,20967,135,347,0,3,41484544,8192,0,0,0,0
44923,-1,Ankunft der Helarjar: Vrekt,,26417,45693,0,-1,0,0,0,0,0,0,0,0,0,0,20988,135,347,0,3,37290240,0,0,0,0,0
44932,-1,Die Nachtfestung: Ein Ettinfuß in der Tür,,26426,46053,0,-1,0,0,0,0,0,0,0,0,0,0,20992,141,347,0,3,35193152,0,2,0,0,0
44933,-1,Die Nachtfestung: Heulen in der Nacht,,26427,46053,0,-1,0,0,0,0,0,0,0,0,0,0,20994,141,347,0,3,35193152,0,2,0,0,0
44934,-1,Die Nachtfestung: Gruselige Kriecher,,26428,46053,0,-1,0,0,0,0,0,0,0,0,0,0,20995,141,347,0,3,35193152,0,2,0,0,0
44935,-1,Die Nachtfestung: Vergoldeter Wächter,,26429,46053,0,-1,0,0,0,0,0,0,0,0,0,0,20996,141,347,0,3,35193152,0,2,0,0,0
44936,-1,Die Nachtfestung: Versorgungsrouten,,26430,46053,0,-1,0,0,0,0,0,0,0,0,0,0,20997,141,347,0,3,35193152,0,2,0,0,0
44937,-1,Die Nachtfestung: Fokussierte Macht,,26431,46053,0,-1,0,0,0,0,0,0,0,0,0,0,20998,141,347,0,3,35193152,0,2,0,0,0
44938,-1,Die Nachtfestung: Liebesentzug,,26433,46053,0,-1,0,0,0,0,0,0,0,0,0,0,20999,141,347,0,3,35193152,0,2,0,0,0
44939,-1,Die Nachtfestung: Saat der Zerstörung,,26432,46053,0,-1,0,0,0,0,0,0,0,0,0,0,21000,141,347,0,3,35193152,0,2,0,0,0
44942,-1,Wind in den Federn,,26683,47897,0,-1,0,0,0,0,0,0,0,0,0,0,21041,109,347,0,3,38338816,8192,0,42447,0,0
44943,-1,Das ist ja klauenhaft!,,26435,47897,0,-1,0,0,0,0,0,0,0,0,0,0,21029,109,347,0,3,41484544,8192,0,0,0,0
45032,-1,Wie der Wind,,26515,42886,0,-1,0,0,0,0,0,0,0,0,0,0,21002,109,347,0,3,-2112290560,0,0,0,0,0
45035,-1,Der Ruf der Schlacht,,26517,47404,0,-1,0,0,0,0,0,0,0,0,0,0,21762,109,347,0,3,34144512,8192,0,0,0,0
45046,-1,Wie der Wind,,26526,47904,0,-1,0,0,0,0,0,0,0,0,0,0,21014,109,347,0,3,-2112290560,0,0,0,0,0
45047,-1,Wie der Wind,,26527,47894,0,-1,0,0,0,0,0,0,0,0,0,0,21015,109,347,0,3,-2112290560,0,0,0,0,0
45048,-1,Wie der Wind,,26528,47900,0,-1,0,0,0,0,0,0,0,0,0,0,21016,109,347,0,3,-2112290560,0,0,0,0,0
45049,-1,Wie der Wind,,26529,38948,0,-1,0,0,0,0,0,0,0,0,0,0,21017,109,347,0,3,-2112290560,0,0,0,0,0
45058,-1,Befreit die Schuppenwächter!,,26535,49401,0,-1,0,0,0,0,0,0,0,0,0,0,21019,139,331,0,3,37290752,0,0,0,0,0
45068,-1,Fässerweise Spaß,,26543,38948,0,-1,0,0,0,0,0,0,0,0,0,0,21022,109,347,0,3,-2110193408,0,0,0,0,0
45069,-1,Fässerweise Spaß,,26544,47901,0,-1,0,0,0,0,0,0,0,0,0,0,21023,109,347,0,3,-2110193408,0,0,0,0,0
45070,-1,Fässerweise Spaß,,26545,48388,0,-1,0,0,0,0,0,0,0,0,0,0,21024,109,347,0,3,-2110193408,0,0,0,0,0
45071,-1,Fässerweise Spaß,,26546,47900,0,-1,0,0,0,0,0,0,0,0,0,0,21025,109,347,0,3,-2110193408,0,0,0,0,0
45072,-1,Fässerweise Spaß,,26547,47898,0,-1,0,0,0,0,0,0,0,0,0,0,21026,109,347,0,3,-2110193408,0,0,0,0,0
45134,-1,Die Seelenernter,,26580,49401,0,-1,0,0,0,0,0,0,0,0,0,0,21040,139,331,0,3,41485056,8192,0,0,0,0
45178,-1,Verseuchungseindämmung,,26627,47602,0,4079,0,0,0,0,0,0,0,0,0,0,21804,135,347,0,3,37290240,0,0,0,0,0
45203,-1,Kampf um die Ruinen,,26647,49401,0,-1,0,0,0,0,0,0,0,0,0,0,21054,139,331,0,3,41485056,8192,0,0,0,0
45307,-1,Unklaublich!,,26741,38948,0,-1,0,0,0,0,0,0,0,0,0,0,21093,109,347,0,3,41484544,8192,0,40230,0,0
45358,-1,Eindämmungsmaßnahmen,,26795,47602,0,16,0,0,0,0,0,0,0,0,0,0,21804,135,347,0,3,37290240,0,0,46034,0,0
45379,-1,Schatzmeister Iks'reeged,,26801,47404,0,-1,0,0,0,0,0,0,0,0,0,0,22420,135,347,0,3,41484608,8192,0,46666,0,0
45390,-1,Seelen der Vrykul,,26807,49403,0,-1,0,0,0,0,0,0,0,0,0,0,21108,139,334,0,3,7930624,8194,0,0,0,0
45439,-1,Eine Invasion von... Murlocs?,,26848,49403,0,-1,0,0,0,0,0,0,0,0,0,0,21135,139,334,0,3,7930624,8192,0,0,0,0
45472,-1,Krakeneier,,26872,47404,0,-1,0,0,0,0,0,0,0,0,0,0,21351,109,347,0,3,41484544,8192,0,0,0,0
45473,-1,Ein riesiges Problem,,26873,47404,0,-1,0,0,0,0,0,0,0,0,0,0,21379,109,347,0,3,37290240,0,0,0,0,0
45520,-1,Hinter feindlichen Portalen,,26918,47404,0,-1,0,0,0,0,0,0,0,0,0,0,21177,109,347,0,3,37290240,0,0,0,0,0
45531,-1,Kriechende Teufelsmagie,,26929,47602,0,16,0,0,0,0,0,0,0,0,0,0,21268,135,347,0,3,37290240,8192,0,0,0,0
45541,-1,Wie gefällt EUCH das?!,,26937,47602,0,256,0,0,0,0,0,0,0,0,0,0,21196,135,347,0,3,37290240,8192,0,0,0,0
45542,-1,Hinter feindlichen Portalen,,26954,47404,0,-1,0,0,0,0,0,0,0,0,0,0,21210,109,347,0,3,37290240,0,0,0,0,0
45549,-1,Versorgung der Verderbnis,,26943,47602,0,4,0,0,0,0,0,0,0,0,0,0,21809,135,347,0,3,37290240,0,0,46048,0,0
45550,-1,Versorgung der Verderbnis,,26944,47602,0,4091,0,0,0,0,0,0,0,0,0,0,21809,135,347,0,3,37290240,0,0,0,0,0
45559,-1,Hinter feindlichen Portalen,,26953,47404,0,-1,0,0,0,0,0,0,0,0,0,0,21218,109,347,0,3,37290240,0,0,0,0,0
45626,-1,Bombenbasteln für Anfänger,,27010,47602,0,3967,0,0,0,0,0,0,0,0,0,0,21249,135,347,0,3,37290240,0,0,0,0,0
45651,-6184943489809468494,Die Ruinen von Ahn'Qiraj: Ossirian,,27512,47095,0,-1,0,0,0,0,0,0,0,0,0,0,21274,137,183,0,3,34144576,0,1026,0,0,0
45653,-1,Reinigendes Feuer,,27025,47602,0,128,0,0,0,0,0,0,0,0,0,0,21249,135,347,0,3,37290240,8192,0,0,0,0
45654,-6184943489809468494,Ahn'Qiraj: C'Thun,,27511,47095,0,-1,0,0,0,0,0,0,0,0,0,0,21275,137,183,0,3,34144576,0,1026,0,0,0
45655,-6184943489809468494,Der Koloss von Ashi,,27510,47154,0,-1,0,0,0,0,0,0,0,0,0,0,21276,111,183,0,3,34144576,0,1024,0,0,0
45656,-6184943489809468494,Geringe Windsteine,,27509,47095,0,-1,0,0,0,0,0,0,0,0,0,0,21277,109,183,0,3,34144576,0,1024,0,0,0
45657,-6184943489809468494,Silithyst,,27506,47095,0,-1,0,0,0,0,0,0,0,0,0,0,21277,113,183,0,3,34144576,0,1024,0,0,0
45674,-6184943489809468494,Der Koloss von Regal,,27508,47155,0,-1,0,0,0,0,0,0,0,0,0,0,21300,111,183,0,3,34144576,0,1024,0,0,0
45675,-6184943489809468494,Der Koloss von Zora,,27507,47156,0,-1,0,0,0,0,0,0,0,0,0,0,21301,111,183,0,3,34144576,0,1024,0,0,0
45694,-1,Arachnozid,,27033,47404,0,-1,0,0,0,0,0,0,0,0,0,0,21760,109,347,0,3,37290240,0,0,0,0,0
45736,6130900294268439629,Die Ruinen von Ahn'Qiraj: Ossirian,,27023,47095,0,-1,0,0,0,0,0,0,0,0,0,0,21274,137,183,0,3,34144576,0,1026,0,0,0
45737,6130900294268439629,Ahn'Qiraj: C'Thun,,27026,47095,0,-1,0,0,0,0,0,0,0,0,0,0,21275,137,183,0,3,34144576,0,1026,0,0,0
45738,6130900294268439629,Der Koloss von Ashi,,27027,47154,0,-1,0,0,0,0,0,0,0,0,0,0,21276,111,183,0,3,34144576,0,1024,0,0,0
45739,6130900294268439629,Geringe Windsteine,,27028,47095,0,-1,0,0,0,0,0,0,0,0,0,0,21277,109,183,0,3,34144576,0,1024,0,0,0
45740,6130900294268439629,Silithyst,,27029,47095,0,-1,0,0,0,0,0,0,0,0,0,0,21277,113,183,0,3,34144576,0,1024,0,0,0
45741,6130900294268439629,Der Koloss von Regal,,27030,47155,0,-1,0,0,0,0,0,0,0,0,0,0,21300,111,183,0,3,34144576,0,1024,0,0,0
45742,6130900294268439629,Der Koloss von Zora,,27031,47156,0,-1,0,0,0,0,0,0,0,0,0,0,21301,111,183,0,3,34144576,0,1024,0,0,0
45743,-1,Odyns Urteil,,27049,47602,0,1,0,0,0,0,0,0,0,0,0,0,21311,135,347,0,3,37290240,8192,0,0,0,0
45744,-1,Der Fall der Teufelsskorn,,27050,47602,0,4094,0,0,0,0,0,0,0,0,0,0,21311,135,347,0,3,37290240,8192,0,0,0,0
45776,-1,Wer braucht schon Schlüssel,,27066,47602,0,8,0,0,0,0,0,0,0,0,0,0,21337,135,347,0,3,37290240,8192,0,0,0,0
45786,-1,Ein Schmaus für die Hunde,,27067,49403,0,-1,0,0,0,0,0,0,0,0,0,0,21338,139,334,0,3,7930624,8192,0,0,0,0
45791,-1,Kriegsmaterial,,27072,47404,0,-1,0,0,0,0,0,0,0,0,0,0,21339,109,347,0,3,37290240,0,0,0,0,0
45792,-1,Okkultistenattacke,,27073,47602,0,3839,0,0,0,0,0,0,0,0,0,0,21802,135,347,0,3,37290240,0,0,0,0,0
45793,-1,Okkultistenattacke,,27074,47602,0,256,0,0,0,0,0,0,0,0,0,0,21802,135,347,0,3,34144512,0,0,0,0,0
45797,-1,Das Spiel mit dem grünen Feuer,,27078,47404,0,-1,0,0,0,0,0,0,0,0,0,0,21346,109,347,0,3,37290240,0,0,0,0,0
45804,-1,Wichtelvasion!,,27084,49404,0,-1,0,0,0,0,0,0,0,0,0,0,21347,139,332,0,3,37290240,0,0,0,0,0
45805,-1,Die brennenden Schlüssel,,27086,47602,0,4087,0,0,0,0,0,0,0,0,0,0,21337,135,347,0,3,37290240,0,0,0,0,0
45806,-1,Bootstour,,27087,47348,0,-1,0,0,0,0,0,0,0,0,0,0,21362,109,184,0,3,34144512,0,1024,0,0,0
45807,-1,Müllfischen,,27088,47348,0,-1,0,0,0,0,0,0,0,0,0,0,21363,109,184,0,3,34144512,0,1024,45806,0,0
45808,-1,Wasserballkrawall,,27089,47348,0,-1,0,0,0,0,0,0,0,0,0,0,21366,109,184,0,3,34144512,0,1024,45806,0,0
45809,-1,"Grog, Rum und Lager",,27090,47348,0,-1,0,0,0,0,0,0,0,0,0,0,21364,109,184,0,3,34144512,0,1024,45806,0,0
45810,-6184943489809468494,Die Gnome haben unsere Bomben geklaut!,,27091,47348,0,-1,0,0,0,0,0,0,0,0,0,0,21365,109,184,0,3,34144512,0,1024,45806,0,0
45811,6130900294268439629,Die Goblins haben unsere Bomben geklaut!,,27091,47348,0,-1,0,0,0,0,0,0,0,0,0,0,21365,109,184,0,3,34144512,0,1024,45806,0,0
45837,-1,Kriechende Teufelsmagie,,27118,47602,0,4079,0,0,0,0,0,0,0,0,0,0,21268,135,347,0,3,37290240,8192,0,0,0,0
45878,-1,Ungestrafte Auslöschung,,27147,47404,0,-1,0,0,0,0,0,0,0,0,0,0,21378,109,347,0,3,37290240,0,0,0,0,0
45921,-1,Thal'xur,,27183,49404,0,-1,0,0,0,0,0,0,0,0,0,0,21367,142,332,0,3,37290304,0,0,0,0,0
45922,-1,Agmozuul,,27184,49404,0,-1,0,0,0,0,0,0,0,0,0,0,21368,142,332,0,3,37290304,0,0,0,0,0
45923,-1,Gloth,,27185,49404,0,-1,0,0,0,0,0,0,0,0,0,0,21369,142,332,0,3,37290304,0,0,0,0,0
45924,-1,Abyssalmonstrosität,,27186,49404,0,-1,0,0,0,0,0,0,0,0,0,0,21370,142,332,0,3,37290304,0,0,0,0,0
45925,-1,Nez'val,,27187,49404,0,-1,0,0,0,0,0,0,0,0,0,0,21371,142,332,0,3,37290304,0,0,0,0,0
45926,-1,Zar'teth,,27188,49404,0,-1,0,0,0,0,0,0,0,0,0,0,21373,142,332,0,3,37290304,0,0,0,0,0
45927,-1,Zagmothar,,27189,49404,0,-1,0,0,0,0,0,0,0,0,0,0,21374,142,332,0,3,37290304,0,0,0,0,0
45928,-1,Gelthrak,,27190,49404,0,-1,0,0,0,0,0,0,0,0,0,0,21375,142,332,0,3,37290304,0,0,0,0,0
45929,-1,Läutern der Flammen,,27191,47602,0,64,0,0,0,0,0,0,0,0,0,0,21399,135,347,0,3,37290240,8192,0,0,0,0
45930,-1,Ein leichtes Brennen,,27192,47602,0,4031,0,0,0,0,0,0,0,0,0,0,21399,135,347,0,3,37290240,8192,0,0,0,0
45934,-1,Gefiederliches Spiel,,27193,47404,0,-1,0,0,0,0,0,0,0,0,0,0,21401,109,347,0,3,37290240,8192,0,0,0,0
45969,-1,Verteidigung der Ahnen,,27228,47602,0,1024,0,0,0,0,0,0,0,0,0,0,21422,136,347,0,3,37290240,0,0,0,0,0
45970,-1,Das Ende des Dienstes,,27229,47404,0,-1,0,0,0,0,0,0,0,0,0,0,21465,111,347,0,3,37290240,0,0,0,0,0
45972,-1,Das verfluchte Dickicht,,27231,63664,0,-1,0,0,0,0,0,0,0,0,0,0,0,0,1404,0,3,34144320,0,32768,47428,0,0
45973,-1,Unkontrollierte Macht,,27232,47666,0,3967,0,0,0,0,0,0,0,0,0,0,21407,135,347,0,3,37421312,8192,0,0,0,0
45977,-1,Wo eine Peitsche ist...,,27242,47602,0,3839,0,0,0,0,0,0,0,0,0,0,21196,135,347,0,3,37290240,8192,0,0,0,0
45985,-1,Höllische Plünderer,,27244,47404,0,-1,0,0,0,0,0,0,0,0,0,0,21410,109,347,0,3,37290240,0,0,0,0,0
45988,-1,Uralte Knochen,,27247,47404,0,-1,0,0,0,0,0,0,0,0,0,0,21402,109,347,0,3,37290240,8192,0,0,0,0
46001,-1,Regeln der Jagd,,27260,47602,0,3071,0,0,0,0,0,0,0,0,0,0,21422,136,347,0,3,37290240,0,0,0,0,0
46006,-1,Arkuthaz,,27266,49403,0,-1,0,0,0,0,0,0,0,0,0,0,21424,142,334,0,3,37290304,0,0,0,0,0
46008,-1,Balnazoth,,27267,49403,0,-1,0,0,0,0,0,0,0,0,0,0,21425,142,334,0,3,37290304,0,0,0,0,0
46010,-1,Knochenzermalmer Korgolath,,27268,49403,0,-1,0,0,0,0,0,0,0,0,0,0,21426,142,334,0,3,37290304,0,0,0,0,0
46011,-1,Gigantische Höllenbestie,,27269,49403,0,-1,0,0,0,0,0,0,0,0,0,0,21427,142,334,0,3,37290304,0,0,0,0,0
46012,-1,Teufelskommandant Urgoz,,27270,49403,0,-1,0,0,0,0,0,0,0,0,0,0,21428,142,334,0,3,37290304,0,0,0,0,0
46013,-1,Feuerrufer Rok'duun,,27271,49403,0,-1,0,0,0,0,0,0,0,0,0,0,21429,142,334,0,3,37290304,0,0,0,0,0
46014,-1,Gelthrog,,27272,49403,0,-1,0,0,0,0,0,0,0,0,0,0,21430,142,334,0,3,37290304,0,0,0,0,0
46015,-1,Idra'zuul,,27273,49403,0,-1,0,0,0,0,0,0,0,0,0,0,21431,142,334,0,3,37290304,0,0,0,0,0
46016,-1,Magdrezoth,,27274,49403,0,-1,0,0,0,0,0,0,0,0,0,0,21432,142,334,0,3,37290304,0,0,0,0,0
46017,-1,Shel'drozul,,27275,49403,0,-1,0,0,0,0,0,0,0,0,0,0,21433,142,334,0,3,37290304,0,0,0,0,0
46021,-1,Thel'draz,,27280,49403,0,-1,0,0,0,0,0,0,0,0,0,0,21434,142,334,0,3,37290304,0,0,0,0,0
46032,-1,Peinvolle Rückkehr,,27291,47602,0,4063,0,0,0,0,0,0,0,0,0,0,21413,135,347,0,3,37290240,0,0,0,0,0
46046,-1,Ärger-Lich,,27305,47602,0,32,0,0,0,0,0,0,0,0,0,0,21413,135,347,0,3,37290240,0,0,0,0,0
46063,-1,Die klagenden Toten,,27320,47404,0,-1,0,0,0,0,0,0,0,0,0,0,21466,109,347,0,3,37290240,0,0,0,0,0
46066,-1,Ein teuflisches Flattern,,27324,47404,0,-1,0,0,0,0,0,0,0,0,0,0,21469,111,347,0,3,37290240,0,0,0,0,0
46068,-1,Schlägerzähmung,,27325,47404,0,-1,0,0,0,0,0,0,0,0,0,0,21470,109,347,0,3,41484544,0,0,0,0,0
46072,-1,Voll teuflisch,,27430,47602,0,2048,0,0,0,0,0,0,0,0,0,0,21618,136,347,0,3,37290240,8192,0,0,0,0
46073,-1,Ihre Garnison brechen,,27329,47404,0,-1,0,0,0,0,0,0,0,0,0,0,21471,109,347,0,3,37290240,0,0,0,0,0
46075,-1,Reliktjagd,,27331,47404,0,-1,0,0,0,0,0,0,0,0,0,0,21404,109,347,0,3,41484544,8192,0,0,0,0
46076,-1,Ruhelose Geister,,27332,47602,0,4093,0,0,0,0,0,0,0,0,0,0,21403,135,347,0,3,37290240,8192,0,0,0,0
46077,-1,Dämonenversklavte Geister,,27333,47602,0,2,0,0,0,0,0,0,0,0,0,0,21403,135,347,0,3,37290240,8192,0,46045,0,0
46104,-1,Giftigkeit der Arachniden,,27355,47602,0,512,0,0,0,0,0,0,0,0,0,0,21490,135,347,0,3,37290240,0,0,0,0,0
46105,-1,Überlegenheit der Arachniden,,27356,47602,0,3583,0,0,0,0,0,0,0,0,0,0,21490,135,347,0,3,37290240,0,0,0,0,0
46109,-1,Erhebt Euch!,,27360,47404,0,-1,0,0,0,0,0,0,0,0,0,0,21489,111,347,0,3,37290240,8192,0,0,0,0
46111,-1,Illidarimeister: Sissix,,27362,47404,0,-1,0,0,0,0,0,0,0,0,0,0,21521,115,347,0,3,34144512,0,0,0,0,0
46112,-1,Illidarimeister: Madame Viciosa,,27363,47404,0,-1,0,0,0,0,0,0,0,0,0,0,21522,115,347,0,3,34144512,0,0,0,0,0
46113,-1,Illidarimeister: Namenloser Mystiker,,27364,47404,0,-1,0,0,0,0,0,0,0,0,0,0,21523,115,347,0,3,34144512,0,0,0,0,0
46116,-1,Auf unheiligem Boden,,27366,49401,0,-1,0,0,0,0,0,0,0,0,0,0,21076,139,331,0,3,37290240,0,0,0,0,0
46126,-1,Teufelsverderbte Federn,,27370,47404,0,-1,0,0,0,0,0,0,0,0,0,0,21505,109,347,0,3,37290240,0,0,0,0,0
46134,-1,Juwelenschleifer gesucht,,27373,38948,0,-1,5,0,0,0,0,2518,25,0,0,0,21511,125,347,0,3,590144,0,0,40559,40560,40561
46135,-1,Juwelenschleifer gesucht,,27374,38948,0,-1,5,0,0,0,0,2518,25,0,0,0,21512,125,347,0,3,590144,0,0,40559,40560,40561
46136,-1,Juwelenschleifer gesucht,,27375,38948,0,-1,5,0,0,0,0,2518,25,0,0,0,21513,125,347,0,3,590144,0,0,40559,40560,40561
46137,-1,Juwelenschleifer gesucht,,27376,38948,0,-1,5,0,0,0,0,2518,25,0,0,0,21514,125,347,0,3,590144,0,0,40559,40560,40561
46138,-1,Juwelenschleifer gesucht,,27377,38948,0,-1,5,0,0,0,0,2518,25,0,0,0,21515,125,347,0,3,590144,0,0,40559,40560,40561
46139,-1,Juwelenschleifer gesucht,,27378,38948,0,-1,5,0,0,0,0,2518,25,0,0,0,21516,125,347,0,3,590144,0,0,40559,40560,40561
46146,-1,Die brennenden Ufer,,27380,49401,0,-1,0,0,0,0,0,0,0,0,0,0,21307,139,331,0,3,37290240,0,0,0,0,0
46160,-1,Leere in Ketten,,27382,47404,0,-1,0,0,0,0,0,0,0,0,0,0,21520,109,347,0,3,37290240,0,0,0,0,0
46161,-1,Teufelsruferin Thalezra,,27383,49401,0,-1,0,0,0,0,0,0,0,0,0,0,21435,142,331,0,3,37290304,0,0,0,0,0
46162,-1,Unterwerfer Val'rek,,27384,49401,0,-1,0,0,0,0,0,0,0,0,0,0,21436,142,331,0,3,37290304,0,0,0,0,0
46163,-1,Thaz'gul,,27385,49401,0,-1,0,0,0,0,0,0,0,0,0,0,21437,142,331,0,3,37290304,0,0,0,0,0
46164,-1,Mal'serus,,27386,49401,0,-1,0,0,0,0,0,0,0,0,0,0,21438,142,331,0,3,37290304,0,0,0,0,0
46165,-1,Kazruul,,27387,49401,0,-1,0,0,0,0,0,0,0,0,0,0,21439,142,331,0,3,37290304,0,0,0,0,0
46166,-1,Garthulak der Zermalmer,,27388,49401,0,-1,0,0,0,0,0,0,0,0,0,0,21440,142,331,0,3,37290304,0,0,0,0,0
46167,-1,Kozrum,,27389,49401,0,-1,0,0,0,0,0,0,0,0,0,0,21441,142,331,0,3,37290304,0,0,0,0,0
46168,-1,Kommandant Vorlax,,27390,49401,0,-1,0,0,0,0,0,0,0,0,0,0,21442,142,331,0,3,37290304,0,0,0,0,0
46169,-1,Dro'zek,,27391,49401,0,-1,0,0,0,0,0,0,0,0,0,0,21443,142,331,0,3,37290304,0,0,0,0,0
46170,-1,Thar'gokk,,27392,49401,0,-1,0,0,0,0,0,0,0,0,0,0,21444,142,331,0,3,37290304,0,0,0,0,0
46175,-1,Rollender Donner,,27395,47404,0,-1,0,0,0,0,0,0,0,0,0,0,21524,109,347,0,3,37290240,0,0,0,0,0
46179,-1,Die Legion vernichten,,27397,49403,0,-1,0,0,0,0,0,0,0,0,0,0,21552,139,334,0,3,7930624,8192,0,0,0,0
46180,-1,Die Macht unseres Feindes,,27398,47404,0,-1,0,0,0,0,0,0,0,0,0,0,21538,109,347,0,3,41484544,8192,0,0,0,0
46183,-1,Kommandant Zarthak,,27401,49402,0,-1,0,0,0,0,0,0,0,0,0,0,21445,142,333,0,3,37290304,0,0,0,0,0
46184,-1,Gelgothar,,27402,49402,0,-1,0,0,0,0,0,0,0,0,0,0,21446,142,333,0,3,37290304,0,0,0,0,0
46185,-1,Iroxus,,27403,49402,0,-1,0,0,0,0,0,0,0,0,0,0,21447,142,333,0,3,37290304,0,0,0,0,0
46186,-1,Ix'dreloth,,27404,49402,0,-1,0,0,0,0,0,0,0,0,0,0,21448,142,333,0,3,37290304,0,0,0,0,0
46187,-1,Larthogg,,27405,49402,0,-1,0,0,0,0,0,0,0,0,0,0,21449,142,333,0,3,37290304,0,0,0,0,0
46188,-1,Orgrokk,,27406,49402,0,-1,0,0,0,0,0,0,0,0,0,0,21450,142,333,0,3,37290304,0,0,0,0,0
46189,-1,Shel'zuul,,27407,49402,0,-1,0,0,0,0,0,0,0,0,0,0,21451,142,333,0,3,37290304,0,0,0,0,0
46190,-1,Ulgrom,,27408,49402,0,-1,0,0,0,0,0,0,0,0,0,0,21452,142,333,0,3,37290304,0,0,0,0,0
46191,-1,Balinar,,27409,49402,0,-1,0,0,0,0,0,0,0,0,0,0,21453,142,333,0,3,37290304,0,0,0,0,0
46192,-1,Zar'vok,,27410,49402,0,-1,0,0,0,0,0,0,0,0,0,0,21454,142,333,0,3,37290304,0,0,0,0,0
46193,-1,Teufelsbrut,,27411,49402,0,-1,0,0,0,0,0,0,0,0,0,0,21558,139,333,0,3,37290240,8192,0,0,0,0
46194,-1,Wölfe der Legion,,27412,49402,0,-1,0,0,0,0,0,0,0,0,0,0,21560,139,333,0,3,41484544,8192,0,0,0,0
46195,-1,Schwärme am Himmel,,27413,49402,0,-1,0,0,0,0,0,0,0,0,0,0,21562,139,333,0,3,37290240,0,0,0,0,0
46196,-1,Die Stunde ist beendet,,27414,49402,0,-1,0,0,0,0,0,0,0,0,0,0,21564,139,333,0,3,37290240,0,0,0,0,0
46197,-1,Alles Teuflische kommt von oben,,27415,49402,0,-1,0,0,0,0,0,0,0,0,0,0,21223,139,333,0,3,37290240,0,0,0,0,0
46198,-1,Edelsteine der Zerstörung,,27416,47404,0,-1,0,0,0,0,0,0,0,0,0,0,21571,109,347,0,3,37290240,0,0,0,0,0
46201,-1,Durch Wasser geläutert,,27419,48357,0,-1,0,0,0,0,0,0,0,0,0,0,21815,109,347,0,3,41484544,8192,0,0,0,0
46209,-1,Ein Leuchtfeuer im Dunklen,,27425,47602,0,4,0,0,0,0,0,0,0,0,0,0,21581,135,347,0,3,41484544,8192,0,0,0,0
46212,-1,Hoch mit ihnen,,27427,47602,0,4091,0,0,0,0,0,0,0,0,0,0,21581,135,347,0,3,41484544,8192,0,0,0,0
46216,-1,Geronnene Verderbnis,,27429,49403,0,-1,0,0,0,0,0,0,0,0,0,0,21608,139,334,0,3,7930624,8192,0,0,0,0
46236,-1,Steingebundene Soldaten,,27444,47404,0,-1,0,0,0,0,0,0,0,0,0,0,21630,109,347,0,3,37290240,0,0,0,0,0
46261,-1,Der Geschmack der Verderbnis,,27469,49404,0,-1,0,0,0,0,0,0,0,0,0,0,20933,139,332,0,3,37290752,0,0,0,0,0
46262,-1,Rettet die Kaulquappen!,,27470,49402,0,-1,0,0,0,0,0,0,0,0,0,0,21566,139,333,0,3,37290240,0,0,0,0,0
46263,-1,Teufelsnetze spinnen,,27471,49401,0,-1,0,0,0,0,0,0,0,0,0,0,21506,139,331,0,3,41484544,8192,0,0,0,0
46264,-1,Sie haben uns im Auge,,27472,49403,0,-1,0,0,0,0,0,0,0,0,0,0,21124,139,334,0,3,37290240,0,0,0,0,0
46265,-1,Verteufelte Rehkitze,,27473,49404,0,-1,0,0,0,0,0,0,0,0,0,0,21657,139,332,0,3,37290752,0,0,0,0,0
46279,-1,Zargrom,,27485,49402,0,-1,0,0,0,0,0,0,0,0,0,0,21720,142,333,0,3,37290304,0,0,0,0,0
46288,-1,Alle an die Front,,27498,47602,0,2047,0,0,0,0,0,0,0,0,0,0,21618,136,347,0,3,37290240,8192,0,0,0,0
46308,-1,Eine Spur hinterlassen,,27518,47602,0,8,0,0,0,0,0,0,0,0,0,0,21801,135,347,0,3,41484544,8192,0,0,0,0
46325,-1,Die vereinte Front,,27527,47404,0,-1,0,0,0,0,0,0,0,0,0,0,21777,111,347,0,3,37290240,8192,0,0,0,0
46360,-1,Absolut atemberaubend,,27694,47602,0,4087,0,0,0,0,0,0,0,0,0,0,21801,135,347,0,3,41484544,8192,0,0,0,0
46500,-1,Das Grabmal des Sargeras: Legende aus der Tiefe,,28076,48842,0,-1,0,0,0,0,0,0,0,0,0,0,22024,141,347,0,3,35193152,0,2,0,0,0
46502,-1,Das Grabmal des Sargeras: Hand der Legion,,28078,48842,0,-1,0,0,0,0,0,0,0,0,0,0,22025,141,347,0,3,35193152,0,2,0,0,0
46503,-1,Das Grabmal des Sargeras: Lektion in Sachen Schmerz,,28080,48842,0,-1,0,0,0,0,0,0,0,0,0,0,22026,141,347,0,3,35193152,0,2,0,0,0
46504,-1,Das Grabmal des Sargeras: Erdrückende Tiefen,,28081,48842,0,-1,0,0,0,0,0,0,0,0,0,0,22027,141,347,0,3,35193152,0,2,0,0,0
46505,-1,"Das Grabmal des Sargeras: Verloren, aber nicht vergessen",,28082,48842,0,-1,0,0,0,0,0,0,0,0,0,0,22028,141,347,0,3,35193152,0,2,0,0,0
46506,-1,Das Grabmal des Sargeras: Leben nach dem Tode,,28083,48842,0,-1,0,0,0,0,0,0,0,0,0,0,22029,141,347,0,3,35193152,0,2,0,0,0
46507,-1,Das Grabmal des Sargeras: Der Schreckenspirscher,,28084,48842,0,-1,0,0,0,0,0,0,0,0,0,0,22030,141,347,0,3,35193152,0,2,0,0,0
46508,-1,Das Grabmal des Sargeras: Azsharas Einfluss,,28085,48842,0,-1,0,0,0,0,0,0,0,0,0,0,22031,141,347,0,3,35193152,0,2,0,0,0
46707,-1,Diener! Tötet auch den da!,,27890,47404,0,-1,0,0,0,0,0,0,0,0,0,0,21816,109,347,0,3,41484544,0,0,0,0,0
46750,-1,Reservebatterie,,27918,48502,0,2048,0,0,0,0,0,0,0,0,0,0,21878,135,347,0,3,37421312,0,0,0,0,0
46752,-1,Geliehene Schwingen,,27920,48502,0,2047,0,0,0,0,0,0,0,0,0,0,21878,135,347,0,3,37421312,0,0,0,0,0
46754,-1,Magische Bestien,,27922,47666,0,128,0,0,0,0,0,0,0,0,0,0,21407,135,347,0,3,37421312,0,0,0,0,0
46755,-1,Mission: Dämonengroll,,27923,48514,0,1,0,0,0,0,0,0,0,0,0,0,21883,135,347,0,3,41615616,8192,0,0,0,0
46756,-1,Mission: Dämonengrollzerstörung,,27924,48514,0,4094,0,0,0,0,0,0,0,0,0,0,21883,135,347,0,3,37421312,0,0,0,0,0
46761,-1,Braubanditen,,27925,48521,0,3583,0,0,0,0,0,0,0,0,0,0,21885,135,347,0,3,41615616,8192,0,0,0,0
46762,-1,Sturmgebräugerangel,,27926,48521,0,512,0,0,0,0,0,0,0,0,0,0,21885,135,347,0,3,41615616,8192,0,0,0,0
46763,-1,Drol'maz,,27928,49404,0,-1,0,0,0,0,0,0,0,0,0,0,21887,142,332,0,3,37290304,0,0,0,0,0
46766,-1,Ulgthax,,27929,49404,0,-1,0,0,0,0,0,0,0,0,0,0,21888,142,332,0,3,37290304,0,0,0,0,0
46811,-1,Der Zorn der Brutmutter,,27967,47602,0,32,0,0,0,0,0,0,0,0,0,0,21921,135,347,0,3,41484544,8192,0,0,0,0
46814,-1,Ruf des Frostwyrms,,27971,47602,0,4063,0,0,0,0,0,0,0,0,0,0,21921,135,347,0,3,41484544,8192,0,0,0,0
46817,-1,Niedergang der Höllenbestien,,27973,47602,0,64,0,0,0,0,0,0,0,0,0,0,21928,135,347,0,3,37290240,0,0,0,0,0
46821,-1,Kribblige Krabbler,,27978,47404,0,-1,0,0,0,0,0,0,0,0,0,0,21945,109,347,0,3,37421312,0,0,0,0,0
46822,-1,Natürliche Auslese,,27979,47602,0,1024,0,0,0,0,0,0,0,0,0,0,21944,135,347,0,3,37290240,0,0,0,0,0
46825,-1,Matschepatsche,,27982,47404,0,-1,0,0,0,0,0,0,0,0,0,0,21947,109,347,0,3,37290240,0,0,0,0,0
46829,-1,Elementarmissbrauch,,27986,47602,0,4031,0,0,0,0,0,0,0,0,0,0,21928,135,347,0,3,37290240,0,0,0,0,0
46833,-1,Entfesselte Natur,,27990,47602,0,3071,0,0,0,0,0,0,0,0,0,0,21944,135,347,0,3,37290240,0,0,0,0,0
46844,-1,Die Kathedrale der Ewigen Nacht: Herrin der Klingen,,27998,48703,0,-1,0,0,0,0,0,0,0,0,0,0,21994,145,347,0,3,35193088,0,0,0,0,0
46865,-1,Die Kathedrale der Ewigen Nacht: Mutter der Flammen,,28003,48703,0,-1,0,0,0,0,0,0,0,0,0,0,22001,145,347,0,3,35193088,0,0,0,0,0
46866,-1,Folterkammer,,28040,47404,0,-1,0,0,0,0,0,0,0,0,0,0,21999,109,347,0,3,37421312,0,0,0,0,0
46867,-1,Die Kathedrale der Ewigen Nacht: Teufelsbestie,,28002,48703,0,-1,0,0,0,0,0,0,0,0,0,0,22000,145,347,0,3,35192832,0,0,0,0,0
46868,-1,Die Kathedrale der Ewigen Nacht: Die teuflischen Toten,,28004,48703,0,-1,0,0,0,0,0,0,0,0,0,0,22002,145,347,0,3,35193088,0,0,0,0,0
46869,-1,Die Kathedrale der Ewigen Nacht: Verführerin der Pein,,28005,48703,0,-1,0,0,0,0,0,0,0,0,0,0,22003,145,347,0,3,35193088,0,0,0,0,0
46932,-1,Ein Hauch mehr Verderbnis,,28068,47404,0,-1,0,0,0,0,0,0,0,0,0,0,21576,109,347,0,3,37290240,0,0,0,0,0
46933,-1,Teufelrglrglrglrgl,,28069,47404,0,-1,0,0,0,0,0,0,0,0,0,0,22009,109,347,0,3,37290240,8192,0,0,0,0
46942,-1,Der Preis der Macht,,28086,47404,0,-1,0,0,0,0,0,0,0,0,0,0,22049,109,347,0,3,41484544,0,0,0,0,0
46945,-1,Si'vash,,28088,47404,0,-1,0,0,0,0,0,0,0,0,0,0,21280,144,347,0,3,37290304,0,0,0,0,0
46947,-1,Brutallus,,28090,47404,0,-1,0,0,0,0,0,0,0,0,0,0,21226,144,347,0,3,37290304,0,0,0,0,0
46948,-1,Malificus,,28091,47404,0,-1,0,0,0,0,0,0,0,0,0,0,21227,144,347,0,3,37290304,0,0,0,0,0
47061,-1,Apocron,,28160,47404,0,-1,0,0,0,0,0,0,0,0,0,0,22242,144,347,0,3,37290304,0,0,0,0,0
47132,-1,Teufelsfeuer und Eis,,28202,47404,0,-1,0,0,0,0,0,0,0,0,0,0,21456,109,347,0,3,37290240,8192,0,0,0,0
47135,-1,Zu ihrem eigenen Besten,,28205,50321,0,-1,0,0,0,0,0,0,0,0,0,0,22474,109,347,0,3,41484288,8192,0,0,0,0
47456,-1,Beruhigen der Leere,,28476,50321,0,-1,0,0,0,0,0,0,0,0,0,0,22515,109,347,0,3,41484288,8192,0,0,0,0
47496,-1,Panzerknacker,,28505,50280,0,-1,0,0,0,0,0,0,0,0,0,0,22750,109,347,0,3,37289984,0,0,47182,0,0
47507,-1,Khazaduum,,28516,51611,0,-1,0,0,0,0,0,0,0,0,0,0,23299,136,347,0,3,37290048,0,0,0,0,0
47527,-6184943489809468494,Ketzerische Rituale,,28533,0,0,-1,0,0,0,0,0,0,0,0,0,0,0,0,1407,0,3,40435712,8192,32768,47521,0,0
47542,-1,Belagerungsmeister Voraan,,28544,50280,0,-1,0,0,0,0,0,0,0,0,0,0,22609,136,347,0,3,37290048,0,0,0,0,0
47551,-1,Lektionen von Feuer und Schmerz,,28553,50280,0,-1,0,0,0,0,0,0,0,0,0,0,22603,109,347,0,3,37289984,0,0,0,0,0
47552,-1,Herrin Il'thendra,,28554,51561,0,-1,0,0,0,0,0,0,0,0,0,0,22606,136,347,0,3,37290048,0,0,0,0,0
47561,-1,Blasenmaul,,28562,51561,0,-1,0,0,0,0,0,0,0,0,0,0,22625,136,347,0,3,37290048,0,0,0,0,0
47563,-1,Geister der Gefallenen,,28564,50280,0,-1,0,0,0,0,0,0,0,0,0,152995,22627,109,347,0,3,37289984,0,0,0,0,0
47566,-1,Gar'zoth,,28567,51561,0,-1,0,0,0,0,0,0,0,0,0,0,22633,136,347,0,3,37290048,0,0,0,0,0
47567,-1,Umbra'jin,,28568,0,0,-1,1,0,0,0,0,0,0,0,0,0,0,0,0,0,3,35652616,0,0,0,0,0
47624,-1,Vergraben,,28650,50280,0,-1,0,0,0,0,0,0,0,0,0,0,22655,109,347,0,3,37289984,0,0,48544,0,0
47625,-1,Geteiltes Ritual,,28651,50280,0,-1,0,0,0,0,0,0,0,0,0,0,22656,109,347,0,3,37289984,0,0,48544,0,0
47646,-1,Angeleint,,28664,50280,0,-1,0,0,0,0,0,0,0,0,0,0,22665,109,347,0,3,37289984,0,0,48544,0,0
47647,-6184943489809468494,Monster von Zem'lan,,28687,0,0,-1,0,0,0,0,0,0,0,0,0,0,0,0,1406,0,3,41484544,8192,32768,51054,0,0
47704,-6184943489809468494,Fressattacke der Ranishu,,28712,55564,0,-1,0,0,0,0,0,0,0,0,0,0,25091,109,464,0,3,38338816,8192,0,0,0,0
47705,-1,Hinter den Linien der Legion,,28713,52120,0,-1,0,0,0,0,0,0,0,0,0,0,23176,109,347,0,3,41484288,8192,0,0,0,0
47707,-1,Abschmelzen,,28715,50280,0,-1,0,0,0,0,0,0,0,0,0,0,22707,109,347,0,3,37289984,0,0,0,0,0
47712,-1,Der Verwüster,,28720,50280,0,-1,0,0,0,0,0,0,0,0,0,0,22709,109,347,0,3,37289984,0,0,0,0,0
47720,-1,Ewige Rache,,28723,50280,0,-1,0,0,0,0,0,0,0,0,0,0,22714,109,347,0,3,37289984,0,0,0,0,0
47722,-1,Watertusk,,28725,0,0,-1,1,0,0,0,0,0,0,0,0,0,0,0,189,0,3,35652616,0,0,0,0,0
47724,-1,Belagert,,28726,50280,0,-1,0,0,0,0,0,0,0,0,0,0,22724,109,347,0,3,37289984,0,0,0,0,0
47728,-1,Talestra die Grässliche,,28730,50280,0,-1,0,0,0,0,0,0,0,0,0,0,22725,136,347,0,3,37290048,0,0,0,0,0
47756,-6184943489809468494,Befreiung der Goldkelch,,28756,0,0,-1,0,0,0,0,0,0,0,0,0,0,0,0,1403,0,3,38338560,8192,32768,47245,0,0
47797,-6184943489809468494,Besetzungsrisiko,,28768,0,0,-1,1,0,0,0,0,0,0,0,0,0,0,0,1407,0,3,34144256,0,32768,47737,0,0
47828,-1,Erinnerungen der Gefallenen,,28773,50321,0,-1,0,0,0,0,0,0,0,0,0,0,22914,109,347,0,3,37289984,0,0,0,0,0
47833,-1,Schattenzauberer Voruun,,28778,50321,0,-1,0,0,0,0,0,0,0,0,0,0,22915,136,347,0,3,37290048,0,0,0,0,0
47834,-1,X'ue,,28779,0,0,-1,1,0,0,0,0,0,0,0,0,0,0,0,189,0,3,35652616,0,0,0,0,0
47839,-1,Angry Troll Spirit,,28783,0,0,-1,1,0,0,0,0,0,0,0,0,0,0,0,189,0,3,35652616,0,0,0,0,0
47842,-1,Asheva: Geschändete Gewässer,,28786,34450,0,-1,0,0,0,0,0,0,0,0,0,0,22922,109,347,0,3,34144256,0,0,0,0,0
47844,-1,Wiederkehrender Wahnsinn,,28789,50321,0,-1,0,0,0,0,0,0,0,0,0,0,22923,109,347,0,3,37421056,0,0,0,0,0
47858,-1,Sicherheitsmaßnahmen: Aktiv,,28803,52120,0,-1,0,0,0,0,0,0,0,0,0,0,23178,109,347,0,3,41484288,8192,0,0,0,0
47875,-1,Irixus: Legionswerft,,28818,34450,0,-1,0,0,0,0,0,0,0,0,0,0,22927,109,347,0,3,34144256,0,0,0,0,0
47876,-1,Sholoth: Sklavengruben,,28819,34450,0,-1,0,0,0,0,0,0,0,0,0,0,22928,109,347,0,3,34144256,0,0,0,0,0
47953,-1,Tereck der Ausleser,,28870,50280,0,-1,0,0,0,0,0,0,0,0,0,0,23016,136,347,0,3,37290048,0,0,0,0,0
47969,6130900294268439629,Der Fluch von Fallhafen,,28885,50981,0,-1,0,0,0,0,0,0,0,0,0,0,0,0,1404,0,3,34144320,0,32768,48622,0,0
47996,-6184943489809468494,Rachenscheusalausrottung,,28905,51048,0,-1,0,0,0,0,0,0,0,0,0,0,0,0,1403,0,3,34144256,0,32768,0,0,0
48091,-1,Vagath der Verratene,,28982,50280,0,-1,0,0,0,0,0,0,0,0,0,0,23101,136,347,0,3,37290048,0,0,0,0,0
48093,-6184943489809468494,Naga? Nein danke!,,28984,61613,0,-1,0,0,0,0,0,0,0,0,0,0,0,0,1403,0,3,34144256,0,32768,0,0,0
48094,-1,Leerenklumpen,,28985,50321,0,-1,0,0,0,0,0,0,0,0,0,0,23216,109,347,0,3,37289984,0,0,0,0,0
48095,-1,Dunkle Experimente,,28986,50321,0,-1,0,0,0,0,0,0,0,0,0,0,23530,109,347,0,3,37289984,0,0,0,0,0
48096,-1,Kernmechanik,,28987,52119,0,-1,0,0,0,0,0,0,0,0,0,0,23515,109,347,0,3,37289984,0,0,0,0,0
48097,-1,Prüfung des Torwächters: Gerissenheit,,28988,52119,0,-1,0,0,0,0,0,0,0,0,0,0,23521,109,347,0,3,37289984,0,0,0,0,0
48098,-1,Gartenungeziefer,,28989,52120,0,-1,0,0,0,0,0,0,0,0,0,0,23265,109,347,0,3,37289984,0,0,47854,0,0
48099,-1,Feindliche Echologie,,28990,52119,0,-1,0,0,0,0,0,0,0,0,0,0,23263,109,347,0,3,37289984,0,0,0,0,0
48100,-1,Die Verteidigung von Eredath,,28991,52120,0,-1,0,0,0,0,0,0,0,0,0,0,23529,109,347,0,3,37289984,0,0,0,0,0
48101,-1,Plattform der Macht,,28992,52120,0,-1,0,0,0,0,0,0,0,0,0,0,23683,109,347,0,3,37289984,0,0,0,0,0
48102,-1,Schuppenproben,,28993,52119,0,-1,0,0,0,0,0,0,0,0,0,0,23204,109,347,0,3,37289984,0,0,0,0,0
48103,-1,Prüfung des Torwächters: Hartnäckigkeit,,28994,52119,0,-1,0,0,0,0,0,0,0,0,0,0,23522,109,347,0,3,35192832,0,0,0,0,0
48105,-1,Kollegenkontrolle,,28996,52119,0,-1,0,0,0,0,0,0,0,0,0,0,23523,109,347,0,3,37421056,0,0,0,0,0
48106,-1,Wahres Missfallen,,28997,50321,0,-1,0,0,0,0,0,0,0,0,0,0,23227,109,347,0,3,37289984,0,0,0,0,0
48175,-1,In der Senke verborgen,,29008,50321,0,-1,0,0,0,0,0,0,0,0,0,0,23568,109,347,0,3,37289984,0,0,0,0,0
48181,6130900294268439629,Neeeein,,29017,0,0,-1,0,0,0,0,0,0,0,0,0,0,0,0,1404,0,3,34144256,0,32768,0,0,0
48192,-1,Teerspucker,,29025,50280,0,-1,0,0,0,0,0,0,0,0,0,0,23110,136,347,0,3,37290048,0,0,0,0,0
48282,-1,Wichtelmutter Laglath,,29105,50280,0,-1,0,0,0,0,0,0,0,0,0,0,23170,136,347,0,3,37290048,0,0,0,0,0
48284,-1,Erntezeit,,29108,50280,0,-1,0,0,0,0,0,0,0,0,0,0,23393,109,347,0,3,37289984,0,0,0,0,0
48285,-1,Lufthoheit,,29109,50280,0,-1,0,0,0,0,0,0,0,0,0,0,23396,109,347,0,3,37289984,0,0,0,0,0
48286,-1,Kristallmethoden,,29110,50280,0,-1,0,0,0,0,0,0,0,0,0,0,23394,109,347,0,3,37289984,0,0,0,0,0
48287,-1,Ernter der Trauer,,29111,50280,0,-1,0,0,0,0,0,0,0,0,0,0,23395,109,347,0,3,37289984,0,0,0,0,0
48318,-1,Arbeitsauftrag: Lichtblutelixiere,,29123,51748,0,-1,0,0,0,0,0,2479,25,0,0,0,23182,118,347,0,3,524608,0,0,0,0,0
48323,-1,Arbeitsauftrag: Tränen der Naaru,,29128,51747,0,-1,0,0,0,0,0,2479,25,0,0,0,23193,118,347,0,3,524608,0,0,0,0,0
48337,-1,Arbeitsauftrag: Astralwinden,,29142,51750,0,-1,0,0,0,0,0,2550,25,0,0,0,23184,119,347,0,3,524608,0,0,0,0,0
48338,-1,Benötigte Vorräte: Astralwinden,,29143,51750,0,-1,0,0,0,0,0,0,0,0,0,0,23185,109,347,0,3,524608,0,0,0,0,0
48349,-1,Arbeitsauftrag: Empyrium,,29153,51750,0,-1,0,0,0,0,0,2566,25,0,0,0,23188,120,347,0,3,524608,0,0,0,0,0
48358,-1,Benötigte Vorräte: Empyrium,,29162,51750,0,-1,0,0,0,0,0,0,0,0,0,0,23189,109,347,0,3,524608,0,0,0,0,0
48359,-1,Arbeitsauftrag: Infernalisches Leder,,29163,51750,0,-1,0,0,0,0,0,2558,25,0,0,0,23190,124,347,0,3,524608,0,0,0,0,0
48360,-1,Benötigte Vorräte: Infernalisches Leder,,29164,51750,0,-1,0,0,0,0,0,0,0,0,0,0,23191,109,347,0,3,524608,0,0,0,0,0
48363,-1,Arbeitsauftrag: Olivin,,29167,51750,0,-1,0,0,0,0,0,2518,25,0,0,0,23194,125,347,0,3,524608,0,0,0,0,0
48364,-1,Arbeitsauftrag: Hesselit,,29168,51750,0,-1,0,0,0,0,0,2518,25,0,0,0,23195,125,347,0,3,524608,0,0,0,0,0
48373,-1,Arbeitsauftrag: Lichtgewirktes Tuch,,29177,51750,0,-1,0,0,0,0,0,2534,75,0,0,0,23197,121,347,0,3,524608,0,0,0,0,0
48374,-1,Benötigte Vorräte: Lichtgewirktes Tuch,,29178,51750,0,-1,0,0,0,0,0,0,0,0,0,0,23198,109,347,0,3,524608,0,0,0,0,0
48386,-1,Jed'hinturnier,,29188,52119,0,-1,0,0,0,0,0,0,0,0,0,0,23655,109,347,0,3,37289984,0,0,0,0,0
48465,-1,Vrax'thul,,29250,51561,0,-1,0,0,0,0,0,0,0,0,0,0,23247,136,347,0,3,37290048,0,0,0,0,0
48466,-1,Ven'orn,,29251,51561,0,-1,0,0,0,0,0,0,0,0,0,0,23248,136,347,0,3,37290048,0,0,0,0,0
48467,-1,Puscilla,,29252,51561,0,-1,0,0,0,0,0,0,0,0,0,0,23249,136,347,0,3,37290048,0,0,0,0,0
48474,6130900294268439629,Gruftwächter,,29255,52761,0,-1,0,0,0,0,0,0,0,0,0,0,0,0,1404,0,3,37289984,0,32768,0,0,0
48502,-1,"Naroua, König des Waldes",,29274,50280,0,-1,0,0,0,0,0,0,0,0,0,0,23267,136,347,0,3,37290048,0,0,0,0,0
48503,-1,Vindicator Hakbi,,29275,0,0,-1,1,0,0,0,0,0,0,0,0,0,0,0,189,0,3,35652616,0,0,0,0,0
48509,-1,Kommandant Sathrenael,,29279,50280,0,-1,0,0,0,0,0,0,0,0,0,0,23300,136,347,0,3,37290048,0,0,0,0,0
48510,-1,Kommandantin Vecaya,,29280,50280,0,-1,0,0,0,0,0,0,0,0,0,0,23301,136,347,0,3,37290048,0,0,0,0,0
48511,-1,Kommandant Endaxis,,29281,50280,0,-1,0,0,0,0,0,0,0,0,0,0,23302,136,347,0,3,37290048,0,0,0,0,0
48512,-1,Schwester Subversia,,29282,50280,0,-1,0,0,0,0,0,0,0,0,0,0,23303,136,347,0,3,37290048,0,0,0,0,0
48514,-1,Schlummernde Ungetüme,,29284,51561,0,-1,0,0,0,0,0,0,0,0,0,0,23612,135,347,0,3,37289984,0,0,0,0,0
48525,6130900294268439629,Macht sie zu Kleinholz,,29295,0,0,-1,0,0,0,0,0,0,0,0,0,0,0,0,1404,0,3,34144256,0,32768,48519,0,0
48526,-1,Selbstversenkung,,29296,51561,0,-1,0,0,0,0,0,0,0,0,0,0,23318,135,347,0,3,37289984,0,0,0,0,0
48543,-1,Kandak,,29312,0,0,-1,1,0,0,0,0,0,0,0,0,0,0,0,0,0,3,35652616,0,0,0,0,0
48545,-1,Seltsames Ökosystem,,29340,0,0,-1,0,0,0,0,0,0,0,0,0,0,23314,109,347,0,3,-2146893312,2,0,0,0,0
48588,-6184943489809468494,Heilung der Infektion,,29353,54627,0,-1,0,0,0,0,0,0,0,0,0,0,0,0,1403,0,3,36241408,0,32768,0,0,0
48592,-1,Die Spitze halten,,29356,51611,0,-1,0,0,0,0,0,0,0,0,0,0,23426,109,347,0,3,41484288,0,0,0,0,0
48614,-1,Leidvolle Folgen,,29378,51611,0,-1,0,0,0,0,0,0,0,0,0,0,23433,109,347,0,3,41484288,0,0,0,0,0
48615,-1,Krieg bleibt immer gleich,,29379,51611,0,-1,0,0,0,0,0,0,0,0,0,0,23434,109,347,0,3,37289984,0,0,0,0,0
48624,-1,Wer hat die von der Leine gelassen?,,29388,51561,0,-1,0,0,0,0,0,0,0,0,0,0,23436,135,347,0,3,37289984,0,0,0,0,0
48625,-1,Ahalt'cob,,29389,0,0,-1,1,0,0,0,0,0,0,0,0,0,0,0,189,0,3,35652616,0,0,0,0,0
48637,-1,Läuterndes Feuer,,29398,51561,0,-1,0,0,0,0,0,0,0,0,0,152648,23445,135,347,0,3,37421056,0,0,0,0,0
48640,-1,Das unsterbliche Geschwader,,29401,51561,0,-1,0,0,0,0,0,0,0,0,0,152657,23447,135,347,0,3,37421056,0,0,0,0,0
48662,-1,Kurze Lunten,,29420,51561,0,-1,0,0,0,0,0,0,0,0,0,0,23452,135,347,0,3,37289984,0,0,0,0,0
48680,6130900294268439629,Nicht die Bienen!,,29438,0,0,-1,0,0,0,0,0,0,0,0,0,0,0,0,1404,0,3,34144320,0,32768,48678,0,0
48691,-1,Seelenkette,,29449,51561,0,-1,0,0,0,0,0,0,0,0,0,152971,23455,135,347,0,3,37289984,0,0,0,0,0
48694,-1,Seelenverzerrte Monstrosität,,29452,52119,0,-1,0,0,0,0,0,0,0,0,0,0,23457,136,347,0,3,37290048,0,0,0,0,0
48696,-1,Treiber Kravos,,29454,52119,0,-1,0,0,0,0,0,0,0,0,0,0,23458,136,347,0,3,37290048,0,0,0,0,0
48698,-1,Kaara die Bleiche,,29456,50321,0,-1,0,0,0,0,0,0,0,0,0,0,23459,136,347,0,3,37290048,0,0,0,0,0
48701,-1,Baruut der Blutrünstige,,29459,50321,0,-1,0,0,0,0,0,0,0,0,0,0,23460,136,347,0,3,37290048,0,0,0,0,0
48722,-1,Fiesel der Muffindieb,,29480,52120,0,-1,0,0,0,0,0,0,0,0,0,0,23461,136,347,0,3,37290048,0,0,0,0,0
48723,-1,Wache Thanos,,29481,50321,0,-1,0,0,0,0,0,0,0,0,0,0,23462,136,347,0,3,37290048,0,0,0,0,0
48724,-1,Wache Kuro,,29482,52119,0,-1,0,0,0,0,0,0,0,0,0,0,23463,136,347,0,3,37290048,0,0,0,0,0
48725,-1,Giftschwanzhimmelsflosse,,29483,50321,0,-1,0,0,0,0,0,0,0,0,0,0,23464,136,347,0,3,37290048,0,0,0,0,0
48726,-1,Turek der Wache,,29484,50321,0,-1,0,0,0,0,0,0,0,0,0,0,23465,136,347,0,3,37290048,0,0,0,0,0
48727,-1,Hauptmann Faruq,,29485,50321,0,-1,0,0,0,0,0,0,0,0,0,0,23466,136,347,0,3,37290048,0,0,0,0,0
48728,-1,Umbraliss,,29486,50321,0,-1,0,0,0,0,0,0,0,0,0,0,23467,136,347,0,3,37290048,0,0,0,0,0
48729,-1,Ataxon,,29487,50321,0,-1,0,0,0,0,0,0,0,0,0,0,23468,136,347,0,3,37290048,0,0,0,0,0
48730,-1,Sorolis der Unglückselige,,29488,52119,0,-1,0,0,0,0,0,0,0,0,0,0,23469,136,347,0,3,37290048,0,0,0,0,0
48731,-1,Vorbote des Chaos,,29489,50321,0,-1,0,0,0,0,0,0,0,0,0,0,23470,136,347,0,3,37290048,0,0,0,0,0
48732,-1,Sabuul,,29490,50321,0,-1,0,0,0,0,0,0,0,0,0,0,23471,136,347,0,3,37290048,0,0,0,0,0
48733,-1,Jed'hinchampion Vorusk,,29491,52119,0,-1,0,0,0,0,0,0,0,0,0,0,23472,136,347,0,3,37290048,0,0,0,0,0
48734,-1,Aufseherin Y'Beda,,29492,52120,0,-1,0,0,0,0,0,0,0,0,0,0,23473,136,347,0,3,37290048,0,0,0,0,0
48735,-1,Aufseherin Y'Sorna,,29493,52120,0,-1,0,0,0,0,0,0,0,0,0,0,23474,136,347,0,3,37290048,0,0,0,0,0
48736,-1,Aufseherin Y'Morna,,29494,52120,0,-1,0,0,0,0,0,0,0,0,0,0,23475,136,347,0,3,37290048,0,0,0,0,0
48737,-1,Lehrmeisterin Tarahna,,29495,52119,0,-1,0,0,0,0,0,0,0,0,0,0,23476,136,347,0,3,37290048,0,0,0,0,0
48738,-1,Zul'tan der Zahllose,,29496,52119,0,-1,0,0,0,0,0,0,0,0,0,0,23477,136,347,0,3,37290048,0,0,0,0,0
48739,-1,Kommandant Xethgar,,29497,52120,0,-1,0,0,0,0,0,0,0,0,0,0,23478,136,347,0,3,37290048,0,0,0,0,0
48740,-1,Skreeg der Verschlinger,,29498,52120,0,-1,0,0,0,0,0,0,0,0,0,0,23479,136,347,0,3,37290048,0,0,0,0,0
48777,-1,Die Höhle der Scheusale,,29535,51561,0,-1,0,0,0,0,0,0,0,0,0,0,23481,135,347,0,3,37289984,0,0,0,0,0
48780,-1,Gladius,,29538,51561,0,-1,0,0,0,0,0,0,0,0,0,0,23484,135,347,0,3,37289984,0,0,0,0,0
48783,-1,Niemand erwartet sie,,29541,51561,0,-1,0,0,0,0,0,0,0,0,0,0,23504,135,347,0,3,37289984,0,0,0,0,0
48827,-1,Varga,,29580,51561,0,-1,0,0,0,0,0,0,0,0,0,0,23535,136,347,0,3,37290048,0,0,0,0,0
48828,-1,Leutnant Xakaar,,29581,51561,0,-1,0,0,0,0,0,0,0,0,0,0,23536,136,347,0,3,37290048,0,0,0,0,0
48829,-1,Zornfürst Yarez,,29582,51561,0,-1,0,0,0,0,0,0,0,0,0,0,23537,136,347,0,3,37290048,0,0,0,0,0
48830,-1,Inquisitor Vethroz,,29583,51561,0,-1,0,0,0,0,0,0,0,0,0,0,23538,136,347,0,3,37290048,0,0,0,0,0
48831,-1,Kommandant Texlaz,,29584,51561,0,-1,0,0,0,0,0,0,0,0,0,0,23539,136,347,0,3,37290048,0,0,0,0,0
48832,-1,Admiral Rel'var,,29585,51561,0,-1,0,0,0,0,0,0,0,0,0,0,23540,136,347,0,3,37290048,0,0,0,0,0
48833,-1,Ritualabschluss,,29586,51561,0,-1,0,0,0,0,0,0,0,0,0,0,23608,111,347,0,3,37289984,0,0,0,0,0
48834,-1,Weltenspalter Skuul,,29587,51561,0,-1,0,0,0,0,0,0,0,0,0,0,23543,136,347,0,3,37290048,0,0,0,0,0
48835,-1,Hundemeister Kerrax,,29588,51561,0,-1,0,0,0,0,0,0,0,0,0,0,23544,136,347,0,3,37290048,0,0,0,0,0
48836,-1,Beobachter Aival,,29589,51561,0,-1,0,0,0,0,0,0,0,0,0,0,23545,136,347,0,3,37290048,0,0,0,0,0
48837,-1,Allseher Xanarian,,29590,51561,0,-1,0,0,0,0,0,0,0,0,0,0,23541,136,347,0,3,37290048,0,0,0,0,0
48852,-6184943489809468494,Zardrax aufhalten,,29605,52131,0,-1,0,0,0,0,0,0,0,0,0,0,0,0,1403,0,3,34144256,0,32768,0,0,0
48866,-1,Leerenwächterin Valsuran,,29616,51561,0,-1,0,0,0,0,0,0,0,0,0,0,23560,136,347,0,3,37290048,0,0,0,0,0
48867,-1,Oberster Alchemist Munculus,,29617,51561,0,-1,0,0,0,0,0,0,0,0,0,0,23561,136,347,0,3,37290048,0,0,0,0,0
48875,-1,Gut vermischt,,29624,51561,0,-1,0,0,0,0,0,0,0,0,0,0,23567,135,347,0,3,37289984,0,0,0,0,0
48931,-1,Erwachte Behemoths,,29675,51561,0,-1,0,0,0,0,0,0,0,0,0,0,23610,111,347,0,3,37289984,0,0,0,0,0
48934,-6184943489809468494,Mal der Verdammten,,29677,53769,0,-1,0,0,0,0,0,0,0,0,0,0,0,0,1403,0,3,34144256,0,32768,0,0,0
48936,-1,Slithon die Letzte,,29679,52119,0,-1,0,0,0,0,0,0,0,0,0,0,23627,136,347,0,3,37290048,0,0,0,0,0
48951,-1,Sitz des Triumvirats: Leerenschlund,,29694,50321,0,-1,0,0,0,0,0,0,0,0,0,0,23660,137,347,0,3,35192832,0,2,0,0,0
48952,-1,Knochen für alle,,29695,51561,0,-1,0,0,0,0,0,0,0,0,0,0,23666,135,347,0,3,37289984,0,0,0,0,0
48953,-1,Sitz des Triumvirats: Rufer der Dunkelheit,,29696,50321,0,-1,0,0,0,0,0,0,0,0,0,0,23659,137,347,0,3,35192832,0,2,0,0,0
48957,-1,Sitz des Triumvirats: Leerenklinge Zedaat,,29698,50321,0,-1,0,0,0,0,0,0,0,0,0,0,23661,137,347,0,3,35192832,0,2,0,0,0
48958,-1,Ritualstörung,,29699,51561,0,-1,0,0,0,0,0,0,0,0,0,0,23678,135,347,0,3,37289984,0,0,0,0,0
48959,-1,Sitz des Triumvirats: Dunkle Spalte,,29700,50321,0,-1,0,0,0,0,0,0,0,0,0,0,23662,137,347,0,3,35192832,0,2,0,0,0
48983,-1,Bergbauregeln,,29722,51561,0,-1,0,0,0,0,0,0,0,0,0,0,23684,135,347,0,3,37289984,0,0,0,0,0
48985,-1,Sitz des Triumvirats: Zwielichtbote Tharuul,,29724,50321,0,-1,0,0,0,0,0,0,0,0,0,0,23663,137,347,0,3,35192832,0,2,0,0,0
49013,-6184943489809468494,Ein mächtiger Schock,,29748,55564,0,-1,0,0,0,0,0,0,0,0,0,0,25446,109,464,0,3,34144256,8192,0,0,0,0
49041,-1,Verdammnishuf,,29774,50280,0,-1,0,0,0,0,0,0,0,0,0,0,23694,115,347,0,3,3735808,0,0,0,0,0
49042,-1,Übelklaue,,29775,50280,0,-1,0,0,0,0,0,0,0,0,0,0,23695,115,347,0,3,3735808,0,0,0,0,0
49043,-1,Unheilsschimmer,,29776,50280,0,-1,0,0,0,0,0,0,0,0,0,0,23696,115,347,0,3,3735808,0,0,0,0,0
49044,-1,Würger,,29777,50280,0,-1,0,0,0,0,0,0,0,0,0,0,23697,115,347,0,3,3735808,0,0,0,0,0
49045,-1,Todeskreischer,,29778,50280,0,-1,0,0,0,0,0,0,0,0,0,0,23698,115,347,0,3,3735808,0,0,0,0,0
49046,-1,Knirscher,,29779,50280,0,-1,0,0,0,0,0,0,0,0,0,0,23699,115,347,0,3,3735808,0,0,0,0,0
49047,-1,Bukki,,29780,52119,0,-1,0,0,0,0,0,0,0,0,0,0,23700,115,347,0,3,3735808,0,0,0,0,0
49048,-1,Zinken,,29781,52119,0,-1,0,0,0,0,0,0,0,0,0,0,23701,115,347,0,3,3735808,0,0,0,0,0
49049,-1,Zwielichtflosse,,29782,52119,0,-1,0,0,0,0,0,0,0,0,0,0,23702,115,347,0,3,3735808,0,0,0,0,0
49050,-1,Schattenflimmer,,29783,52119,0,-1,0,0,0,0,0,0,0,0,0,0,23703,115,347,0,3,3735808,0,0,0,0,0
49051,-1,Verderbtes Blut von Argus,,29784,52119,0,-1,0,0,0,0,0,0,0,0,0,0,23704,115,347,0,3,3735808,0,0,0,0,0
49052,-1,Mar'cuus,,29785,52119,0,-1,0,0,0,0,0,0,0,0,0,0,23705,115,347,0,3,3735808,0,0,0,0,0
49053,-1,Beobachter,,29786,51561,0,-1,0,0,0,0,0,0,0,0,0,0,23706,115,347,0,3,3735808,0,0,0,0,0
49054,-1,Blähi,,29787,51561,0,-1,0,0,0,0,0,0,0,0,0,0,23707,115,347,0,3,3735808,0,0,0,0,0
49055,-1,Ohrensucher,,29788,51561,0,-1,0,0,0,0,0,0,0,0,0,0,23708,115,347,0,3,3735808,0,0,0,0,0
49056,-1,Filzer,,29789,51561,0,-1,0,0,0,0,0,0,0,0,0,0,23709,115,347,0,3,3735808,0,0,0,0,0
49057,-1,Minixis,,29790,51561,0,-1,0,0,0,0,0,0,0,0,0,0,23710,115,347,0,3,3735808,0,0,0,0,0
49058,-1,Einer-von-vielen,,29791,51561,0,-1,0,0,0,0,0,0,0,0,0,0,23711,115,347,0,3,3735808,0,0,0,0,0
49068,-6184943489809468494,Ordnung in der Bucht,,29797,55564,0,-1,0,0,0,0,0,0,0,0,0,0,23720,109,464,0,3,41484288,8192,0,0,0,0
49300,6130900294268439629,Verderbte Wildnis,,29980,0,0,-1,0,0,0,0,0,0,0,0,0,0,0,0,1310,0,3,34144256,0,32768,48366,0,0
49315,-1,Schreckensperlenabsprache,,29995,61885,0,-1,0,0,0,0,0,0,0,0,0,0,0,0,1407,0,3,34144256,0,32768,0,0,0
49345,-6184943489809468494,Vergrabener Schatz,,30025,55564,0,-1,0,0,0,0,0,0,0,0,0,0,25055,109,464,0,3,41484288,8192,0,0,0,0
49367,-1,Tracking Quest,,30044,0,0,-1,0,0,0,0,0,0,0,0,0,0,0,0,190,0,3,33555456,0,0,0,0,0
49368,-1,Tracking Quest,,30045,0,0,-1,0,0,0,0,0,0,0,0,0,0,0,0,190,0,3,33555456,0,0,0,0,0
49369,-1,Tracking Quest,,30046,0,0,-1,0,0,0,0,0,0,0,0,0,0,0,0,190,0,3,33555456,0,0,0,0,0
49397,6130900294268439629,Um die Wurst,,30069,55564,0,-1,0,0,0,0,0,0,0,0,0,0,25198,109,464,0,3,34144256,0,0,0,0,0
49406,-6184943489809468494,Schlachtfest in Zalamar,,30078,53450,0,-1,0,0,0,0,0,0,0,0,0,0,0,0,1403,0,3,269025280,0,32768,0,0,0
49413,-1,Strolche mit Schriftrollen,,30084,55564,0,-1,0,0,0,0,0,0,0,0,0,0,24018,109,464,0,3,37289984,0,0,0,0,0
49444,-6184943489809468494,Gestampft,,30112,68543,0,-1,0,0,0,0,0,0,0,0,0,0,23566,109,464,0,3,41484288,8192,0,0,0,0
49529,6130900294268439629,Frühjahrsputz,,30167,54391,0,-1,0,0,0,0,0,0,0,0,0,0,0,0,1310,0,3,34144256,0,32768,0,0,0
49675,-1,Tracking Quest,,30237,0,0,-1,0,0,0,0,0,0,0,0,0,0,0,0,190,0,3,33555456,0,0,0,0,0
49695,-1,Tracking Quest,,30257,0,0,-1,0,0,0,0,0,0,0,0,0,0,0,0,190,0,3,33555464,0,0,0,0,0
49739,6130900294268439629,Der Feind vor den Toren,,30283,62654,0,-1,0,0,0,0,0,0,0,0,0,0,0,0,1310,0,3,589824,0,32768,49738,0,0
49800,-1,Atal'Dazar: Spinnen!,,30331,55564,0,-1,0,0,0,0,0,0,0,0,0,0,24143,137,464,0,3,35192832,0,2,0,0,0
49809,-1,Atal'Dazar: Aus den Schatten,,30340,55564,0,-1,0,0,0,0,0,0,0,0,0,0,24144,137,464,0,3,35192832,0,2,0,0,0
49888,-1,Atal'Dazar: Ein bisschen Mojo,,30400,55564,0,-1,0,0,0,0,0,0,0,0,0,0,24145,137,464,0,3,35192832,0,2,0,0,0
49918,-6184943489809468494,Der Gorillagraben,,30430,66346,0,-1,0,0,0,0,0,0,0,0,0,0,0,0,1407,0,3,34144320,0,32768,0,0,0
49994,6130900294268439629,Schlittern mit Stil,,30491,55564,0,-1,0,0,0,0,0,0,0,0,0,0,26695,109,464,0,3,2686976,0,0,0,0,0
50000,6130900294268439629,Bestialische Machenschaften,,30497,55564,0,-1,0,0,0,0,0,0,0,0,0,0,25244,109,464,0,3,37289984,0,0,0,0,0
50009,6130900294268439629,Schiffswrackbergung,,30506,0,0,-1,0,0,0,0,0,0,0,0,0,0,0,0,1310,0,3,34144256,0,32768,50026,0,0
50072,-1,Test WQ Quest [RNM],,30567,0,0,-1,0,0,0,0,0,0,0,0,0,0,24378,115,347,0,3,34144256,196608,0,0,0,0
50080,-6184943489809468494,Plünderer ausplündern,,30575,62273,0,-1,0,0,0,0,0,0,0,0,0,0,0,0,1403,0,3,38338560,8192,32768,0,0,0
50091,6130900294268439629,Dorfreparatur,,30586,54736,0,-1,0,0,0,0,0,0,0,0,0,0,0,0,1404,0,3,37289984,0,32768,0,0,0
50133,6130900294268439629,Unkraut vergeht nicht,,30618,54815,0,-1,1,0,0,0,0,0,0,0,0,0,0,0,1405,0,3,34144256,0,32768,0,0,0
50164,6130900294268439629,Polly will einen Keks?,,30649,55564,0,-1,0,0,0,0,0,0,0,0,0,154878,25319,109,464,0,3,38338560,8192,0,0,0,0
50178,-6184943489809468494,Probleme am Wurzelpfad,,30660,0,0,-1,0,0,0,0,0,0,0,0,0,0,0,0,1407,0,3,34144256,0,32768,0,0,0
50234,6130900294268439629,Mannschaften von Freihafen,,30716,55564,0,-1,0,0,0,0,0,0,0,0,0,0,24483,109,464,0,3,4784128,8193,0,0,0,0
50267,-1,Xu'e,,30744,0,0,-1,1,0,0,0,0,0,0,0,0,0,0,0,0,0,3,35652616,0,0,0,0,0
50287,-6184943489809468494,Endlose Gorillakriegsführung,,30768,55564,0,-1,0,0,0,0,0,0,0,0,0,0,24526,109,464,0,3,37290304,0,0,0,0,0
50295,6130900294268439629,Zum Zähne ausbeißen,,30775,70114,0,-1,0,0,0,0,0,0,0,0,0,0,24527,109,464,0,3,38338560,8192,0,0,0,0
50296,6130900294268439629,Ziegenbockbarbier,,30776,55564,0,-1,0,0,0,0,0,0,0,0,0,153596,24528,109,464,0,3,34144256,0,0,0,0,0
50299,6130900294268439629,Greifen greifen,,30779,55564,0,-1,0,0,0,0,0,0,0,0,0,156928,24532,109,464,0,3,34144256,0,0,0,0,0
50315,6130900294268439629,Nicht eingeplant,,30793,55564,0,-1,0,0,0,0,0,0,0,0,0,0,25380,109,464,0,3,38338560,8192,0,0,0,0
50322,6130900294268439629,Ein gefiederter Trend,,30799,55564,0,-1,0,0,0,0,0,0,0,0,0,0,25858,109,464,0,3,38338560,8192,0,0,0,0
50324,6130900294268439629,Zischfeders idyllisches Resort,,30801,55564,0,-1,0,0,0,0,0,0,0,0,0,157540,26576,109,464,0,3,38338560,8192,0,0,0,0
50357,6130900294268439629,Mineneroberung,,30833,5793,0,-1,0,0,0,0,0,0,0,0,0,0,0,0,1310,0,3,34144256,0,32768,50349,0,0
50369,6130900294268439629,Braunbärgebräu,,30845,55564,0,-1,1,0,0,0,0,0,0,0,0,0,25411,109,464,0,3,3735552,0,0,0,0,0
50421,6130900294268439629,Sparring auf der Spiere,,30896,55564,0,-1,0,0,0,0,0,0,0,0,0,0,25457,109,464,0,3,4784128,8192,0,0,0,0
50443,-6184943489809468494,Bis zu den Wurzeln,,30918,55564,0,-1,0,0,0,0,0,0,0,0,0,0,24631,109,464,0,3,41484288,8192,0,0,0,0
50448,6130900294268439629,Korlach zurückerobern,,30924,0,0,-1,0,0,0,0,0,0,0,0,0,0,0,0,1404,0,3,38338560,0,32768,50253,0,0
50459,-1,Vugthuth,,30935,55564,0,-1,0,0,0,0,0,0,0,0,0,0,24588,136,464,0,3,37289984,0,0,0,0,0
50461,-1,Zujothgul,,30937,55564,0,-1,0,0,0,0,0,0,0,0,0,0,24589,136,464,0,3,37289984,0,0,0,0,0
50468,-1,Shul-Nagruth,,30943,55564,0,-1,0,0,0,0,0,0,0,0,0,0,24590,136,464,0,3,37289984,0,0,0,0,0
50474,-6184943489809468494,Die Andere Seite,,30945,55564,0,-1,0,0,0,0,0,0,0,0,0,0,24632,109,464,0,3,41484288,8192,0,0,0,0
50483,-1,Unterfürst Xerxiz,,30954,55564,0,-1,0,0,0,0,0,0,0,0,0,0,24591,136,464,0,3,37289984,0,0,0,0,0
50488,-1,Uralter Kieferknirscher,,30958,55564,0,-1,0,0,0,0,0,0,0,0,0,0,24597,135,464,0,3,34144320,0,0,0,0,0
50489,-1,Xu'ba,,30959,55564,0,-1,0,0,0,0,0,0,0,0,0,0,24598,135,464,0,3,34144320,0,0,0,0,0
50490,-1,Uroku der Gebundene,,30960,55564,0,-1,0,0,0,0,0,0,0,0,0,0,24599,135,464,0,3,34144320,0,0,0,0,0
50491,-1,Leichenbringerin Yal'kar,,30961,55564,0,-1,0,0,0,0,0,0,0,0,0,0,24600,135,464,0,3,34144320,0,0,0,0,0
50492,-1,Verfluchte Truhe,,30962,55564,0,-1,0,0,0,0,0,0,0,0,0,0,24601,135,464,0,3,34144320,0,0,0,0,0
50496,-1,Glompschlund,,30967,55564,0,-1,0,0,0,0,0,0,0,0,0,0,24602,135,464,0,3,34144320,0,0,0,0,0
50497,-6184943489809468494,Krag'was Gunst,,30968,55564,0,-1,0,0,0,0,0,0,0,0,0,0,24635,109,464,0,3,41484288,8192,0,0,0,0
50498,-1,Fleischfetz,,30969,55564,0,-1,0,0,0,0,0,0,0,0,0,0,24603,135,464,0,3,34144320,0,0,0,0,0
50499,-1,Gwugnug,,30970,55564,0,-1,0,0,0,0,0,0,0,0,0,0,24604,135,464,0,3,34144320,0,0,0,0,0
50501,-1,Königin Tzxi'kik,,30972,55564,0,-1,0,0,0,0,0,0,0,0,0,0,24605,135,464,0,3,35192896,0,0,0,0,0
50502,-1,Jax'teb der Wiederbelebte,,30973,55564,0,-1,0,0,0,0,0,0,0,0,0,0,24606,135,464,0,3,34144320,0,0,0,0,0
50503,-1,Juba der Vernarbte,,30974,55564,0,-1,0,0,0,0,0,0,0,0,0,0,24607,135,464,0,3,34144320,0,0,0,0,0
50505,-1,Kal'draxa,,30976,67269,0,-1,0,0,0,0,0,0,0,0,0,0,24608,135,464,0,3,34144320,0,0,0,0,0
50506,-1,König Kooba,,30977,55564,0,-1,0,0,0,0,0,0,0,0,0,0,24609,135,464,0,3,34144320,0,0,0,0,0
50507,-1,Krubbs,,30978,55564,0,-1,0,0,0,0,0,0,0,0,0,0,24610,135,464,0,3,34144320,0,0,0,0,0
50509,-1,Lo'kuno,,30980,55564,0,-1,0,0,0,0,0,0,0,0,0,0,24612,135,464,0,3,34144320,0,0,0,0,0
50510,-1,Vollgefressener Saurolisk,,30981,55564,0,-1,0,0,0,0,0,0,0,0,0,0,24613,135,464,0,3,34144320,0,0,0,0,0
50511,-1,Bajiatha,,30982,55564,0,-1,0,0,0,0,0,0,0,0,0,0,24614,135,464,0,3,34144320,0,0,0,0,0
50512,-1,Späher Skrasniss,,30983,55564,0,-1,0,0,0,0,0,0,0,0,0,0,24615,135,464,0,3,34144320,0,0,0,0,0
50513,-1,Besudelter Wächter,,30984,55564,0,-1,0,0,0,0,0,0,0,0,0,0,24616,135,464,0,3,34144320,0,0,0,0,0
50514,-1,Totemmacherin Jash'ga,,30985,55564,0,-1,0,0,0,0,0,0,0,0,0,0,24617,135,464,0,3,34144320,0,0,0,0,0
50515,-1,Giftkiefer,,30986,55564,0,-1,0,0,0,0,0,0,0,0,0,0,24618,135,464,0,3,34144320,0,0,0,0,0
50516,-1,Kriegstrommlerin Zurula,,30987,55564,0,-1,0,0,0,0,0,0,0,0,0,0,24619,135,464,0,3,34144320,0,0,0,0,0
50517,-1,Mala'kili und Rohnkor,,30988,55564,0,-1,0,0,0,0,0,0,0,0,0,0,24620,135,464,0,3,34144320,0,0,0,0,0
50518,-1,Zanxib,,30989,55564,0,-1,0,0,0,0,0,0,0,0,0,0,24621,135,464,0,3,34144320,0,0,0,0,0
50519,-1,Za'amar,,30990,55564,0,-1,0,0,0,0,0,0,0,0,0,0,24623,135,464,0,3,34144320,0,0,0,0,0
50521,-6184943489809468494,Verbrannte Erde,,30992,55564,0,-1,0,0,0,0,0,0,0,0,0,157847,25598,109,464,0,3,41615360,8192,0,0,0,0
50524,-6184943489809468494,Den Tempel läutern,,30995,55564,0,-1,0,0,0,0,0,0,0,0,0,0,24664,109,464,0,3,41484288,8192,0,0,0,0
50527,6130900294268439629,Hinter den Linien der Mogu,,30998,66654,0,-1,0,0,0,0,0,0,0,0,0,0,24666,109,464,0,3,41484544,8192,0,52287,0,0
50529,-6184943489809468494,Die Geister im Inneren,,31000,55564,0,-1,0,0,0,0,0,0,0,0,0,0,24637,109,464,0,3,41484288,8192,0,0,0,0
50540,-6184943489809468494,Ruft die Rastari zusammen,,31011,55564,0,-1,0,0,0,0,0,0,0,0,0,157858,24676,109,464,0,3,41615616,8192,0,0,0,0
50545,-6184943489809468494,Gabelblitz,,32725,55564,0,-1,0,0,0,0,0,0,0,0,0,0,24639,109,464,0,3,41484288,8192,0,0,0,0
50547,-6184943489809468494,Die Messer von Zul,,31020,55564,0,-1,0,0,0,0,0,0,0,0,0,0,24677,109,464,0,3,41484544,0,0,0,0,0
50548,-6184943489809468494,Vollstrecker des Willens des Königs,,31021,55564,0,-1,0,0,0,0,0,0,0,0,0,0,24678,109,464,0,3,41615360,8192,0,0,0,0
50549,-6184943489809468494,Absolut barbarisch,,31022,55564,0,-1,0,0,0,0,0,0,0,0,0,0,25611,109,464,0,3,41484288,8192,0,0,0,0
50559,-6184943489809468494,Außer Kontrolle,,31032,66505,0,-1,5,0,0,0,0,0,0,0,0,0,25787,109,464,0,3,40435712,8192,0,0,0,0
50564,-1,Azeritdurchströmte Schlacke,,31037,55564,0,-1,0,0,0,0,0,0,0,0,0,0,24680,135,464,0,3,37290048,0,0,0,0,0
50566,-1,Verlorene Schriftrolle,,31039,55564,0,-1,0,0,0,0,0,0,0,0,0,0,24681,135,464,0,3,37290048,0,0,0,0,0
50568,-1,Chags Herausforderung,,31041,55564,0,-1,0,0,0,0,0,0,0,0,0,0,24682,135,464,0,3,37290048,0,0,0,0,0
50570,-1,Azeritdurchströmter Elementar,,31043,55564,0,-1,0,0,0,0,0,0,0,0,0,0,24683,135,464,0,3,34144320,0,0,0,0,0
50571,-6184943489809468494,Eierausrottung,,31044,55564,0,-1,0,0,0,0,0,0,0,0,0,0,24684,109,464,0,3,41484544,0,0,0,0,0
50572,-6184943489809468494,Blutiger Übergriff,,31045,67204,0,-1,0,0,0,0,0,0,0,0,0,154724,24642,109,464,0,3,41615360,8192,0,0,0,0
50574,-6184943489809468494,Erhaltungsmethoden,,31047,55564,0,-1,0,0,0,0,0,0,0,0,0,158067,24685,109,464,0,3,41615616,0,0,0,0,0
50577,-6184943489809468494,Vermisst,,31050,55564,0,-1,0,0,0,0,0,0,0,0,0,159761,25599,109,464,0,3,41484288,8192,0,0,0,0
50578,-6184943489809468494,Erneuter Ruin,,31051,55564,0,-1,0,0,0,0,0,0,0,0,0,0,24686,109,464,0,3,41484288,8192,0,0,0,0
50581,-6184943489809468494,Schriftrollen und Schuppen,,31054,70810,0,-1,0,0,0,0,0,0,0,0,0,0,25000,109,464,0,3,41484288,8192,0,0,0,0
50587,-6184943489809468494,Nagative Gedanken,,31060,55564,0,-1,0,0,0,0,0,0,0,0,0,0,24644,109,464,0,3,41484288,8192,0,0,0,0
50591,6130900294268439629,Bienenfleißig,,31066,55564,0,-1,0,0,0,0,0,0,0,0,0,0,25748,109,464,0,3,34144256,16384,0,0,0,0
50592,-6184943489809468494,Winziger Schrecken,,31067,55564,0,-1,0,0,0,0,0,0,0,0,0,0,24999,109,464,0,3,41484288,8192,0,49681,0,0
50619,-6184943489809468494,Auf und ab,,31093,55564,0,-1,0,0,0,0,0,0,0,0,0,0,24997,109,464,0,3,38338560,8192,0,0,0,0
50633,-6184943489809468494,Zutatenpterror,,31105,55564,0,-1,0,0,0,0,0,0,0,0,0,0,24706,109,464,0,3,41484544,0,0,0,0,0
50634,-6184943489809468494,Rettet unsere Schriftrollen!,,31106,55564,0,-1,0,0,0,0,0,0,0,0,0,0,24847,109,464,0,3,38338560,8192,0,0,0,0
50636,-6184943489809468494,Gravierende Bedrohung,,31108,55564,0,-1,0,0,0,0,0,0,0,0,0,0,24707,109,464,0,3,41484544,0,0,0,0,0
50648,-6184943489809468494,Von Toten und Blasen,,31120,55564,0,-1,0,0,0,0,0,0,0,0,0,0,24649,109,464,0,3,41484288,8192,0,0,0,0
50650,-6184943489809468494,Zerstörung von Zalamar,,31122,67203,0,-1,0,0,0,0,0,0,0,0,0,0,26030,109,464,0,3,272171008,0,0,0,0,0
50651,6130900294268439629,Potenzial unterbinden,,31123,55564,0,-1,0,0,0,0,0,0,0,0,0,158185,24713,109,464,0,3,41615616,0,0,0,0,0
50652,-6184943489809468494,"Die Hand beißen, die sie füttert",,31124,55564,0,-1,0,0,0,0,0,0,0,0,0,0,24996,109,464,0,3,38338560,8192,0,0,0,0
50660,-6184943489809468494,Überlebensstrategie,,31132,55564,0,-1,0,0,0,0,0,0,0,0,0,0,24652,109,464,0,3,41484288,8192,0,0,0,0
50665,-6184943489809468494,Es gibt keine Bluttrollapokalypse,,31137,55564,0,-1,0,0,0,0,0,0,0,0,0,0,24654,109,464,0,3,272171008,0,0,0,0,0
50667,-6184943489809468494,Überfällig,,31139,55564,0,-1,0,0,0,0,0,0,0,0,0,0,24653,109,464,0,3,41484288,8192,0,0,0,0
50676,-6184943489809468494,Flusstribut,,31149,55564,0,-1,0,0,0,0,0,0,0,0,0,0,24655,109,464,0,3,41484288,8192,0,0,0,0
50689,-6184943489809468494,Drecksgrube,,31162,55564,0,-1,0,0,0,0,0,0,0,0,0,0,24656,109,464,0,3,272171264,0,0,0,0,0
50695,-6184943489809468494,Kannibalismus wird nicht geduldet,,31167,55564,0,-1,0,0,0,0,0,0,0,0,0,0,25595,109,464,0,3,272171008,0,0,0,0,0
50717,-6184943489809468494,"Nicht mit mir, Troll",,31189,55564,0,-1,0,0,0,0,0,0,0,0,0,158324,24658,109,464,0,3,272171264,0,0,0,0,0
50718,-6184943489809468494,Agent des Todes,,31190,55564,0,-1,0,0,0,0,0,0,0,0,0,0,24659,109,464,0,3,41484288,8192,0,0,0,0
50735,-6184943489809468494,Begräbniseinheit,,31206,55564,0,-1,0,0,0,0,0,0,0,0,0,0,24660,109,464,0,3,41484288,8192,0,0,0,0
50737,6130900294268439629,Die Sprecher müssen schweigen,,31207,55564,0,-1,0,0,0,0,0,0,0,0,0,0,24743,109,464,0,3,41484544,0,0,0,0,0
50744,-6184943489809468494,Ihre Erinnerung auffrischen,,31215,55564,0,-1,0,0,0,0,0,0,0,0,0,0,24755,109,464,0,3,41484544,0,0,0,0,0
50747,6130900294268439629,Nutzloser Amani,,31218,55564,0,-1,0,0,0,0,0,0,0,0,0,0,24756,109,464,0,3,41484544,8192,0,0,0,0
50756,6130900294268439629,Unterirdische Evakuierung,,31227,55564,0,-1,0,0,0,0,0,0,0,0,0,158652,24757,109,464,0,3,8061184,0,0,0,0,0
50765,-6184943489809468494,Kinderbetreuung,,31236,55564,0,-1,0,0,0,0,0,0,0,0,0,0,25002,109,464,0,3,38338560,8192,0,0,0,0
50767,6130900294268439629,Die Knochenritzergang,,31238,55564,0,-1,0,0,0,0,0,0,0,0,0,0,25383,109,464,0,3,34144256,0,0,0,0,0
50776,6130900294268439629,Falsche Propheten,,31247,55564,0,-1,0,0,0,0,0,0,0,0,0,0,26579,109,464,0,3,34144256,0,0,0,0,0
50779,6130900294268439629,Ein Neuanfang,,31250,56366,0,-1,0,0,0,0,0,0,0,0,0,0,0,0,1405,0,3,34144256,0,32768,50612,0,0
50782,6130900294268439629,Was man sich so erzählt,,31253,55564,0,-1,0,0,0,0,0,0,0,0,0,0,24763,109,464,0,3,41615616,0,0,0,0,0
50786,-6184943489809468494,Krag'was Rache,,31257,55564,0,-1,0,0,0,0,0,0,0,0,0,0,24640,109,464,0,3,41484288,8192,0,0,0,0
50792,6130900294268439629,Bestechungen,,31263,55564,0,-1,0,0,0,0,0,0,0,0,0,0,26581,109,464,0,3,34144256,0,0,0,0,0
50805,-6184943489809468494,Himmelsruferstilllegung,,31276,56202,0,-1,5,0,0,0,0,0,0,0,0,0,0,0,1406,0,3,34275328,0,32768,0,0,0
50813,-6184943489809468494,Frachtrückforderung,,31284,55564,0,-1,0,0,0,0,0,0,0,0,0,0,24661,109,464,0,3,41484288,8192,0,0,0,0
50845,-1,Kul'krazahn,,31307,55564,0,-1,0,0,0,0,0,0,0,0,0,0,24785,135,464,0,3,37290048,0,0,0,0,0
50846,-1,Kopfjägerin Lee'za,,31308,55564,0,-1,0,0,0,0,0,0,0,0,0,0,24786,136,464,0,3,37289984,0,0,0,0,0
50847,-1,Verderbter Spross von Rezan,,31309,55564,0,-1,0,0,0,0,0,0,0,0,0,0,24787,136,464,0,3,37289984,0,0,0,0,0
50848,-1,Brgl-Lrgl der Schläger,,31310,0,0,-1,0,0,0,0,0,0,0,0,0,0,0,136,464,0,3,37290048,0,0,0,0,0
50849,-1,Hexendoktor Habra'du,,31311,0,0,-1,0,0,0,0,0,0,0,0,0,0,0,136,464,0,3,37290048,0,0,0,0,0
50850,-1,Tia'Kawan,,31312,55564,0,-1,0,0,0,0,0,0,0,0,0,0,24790,136,464,0,3,37289984,0,0,0,0,0
50851,-1,Mor'fani der Verbannte,,31313,0,0,-1,0,0,0,0,0,0,0,0,0,0,0,136,464,0,3,37290048,0,0,0,0,0
50852,-1,Lady Seirine,,31314,0,0,-1,0,0,0,0,0,0,0,0,0,0,0,136,464,0,3,37290048,0,0,0,0,0
50853,-1,Umbra'rix,,31315,55564,0,-1,0,0,0,0,0,0,0,0,0,0,24793,136,464,0,3,37289984,0,0,0,0,0
50854,-1,Blutsichel,,31316,55564,0,-1,0,0,0,0,0,0,0,0,0,0,24795,135,464,0,3,37290048,0,0,0,0,0
50855,6130900294268439629,R'gal der Alte,,31317,55564,0,-1,0,0,0,0,0,0,0,0,0,0,24796,136,464,0,3,37290048,0,0,0,0,0
50857,-1,Golrakahn,,31319,55564,0,-1,0,0,0,0,0,0,0,0,0,0,24797,135,464,0,3,37290048,0,0,0,0,0
50858,6130900294268439629,Himmelskönigin,,31320,55564,0,-1,0,0,0,0,0,0,0,0,0,0,24798,135,464,0,3,37290048,0,0,0,0,0
50859,-1,Kandak,,31321,55564,0,-1,0,0,0,0,0,0,0,0,0,0,24799,135,464,0,3,37290048,0,0,0,0,0
50861,-1,Torraske der Ewige,,31323,55564,0,-1,0,0,0,0,0,0,0,0,0,0,24801,135,464,0,3,37290048,0,0,0,0,0
50862,-1,Blutwulst,,31324,55564,0,-1,0,0,0,0,0,0,0,0,0,0,24802,135,464,0,3,37290048,0,0,0,0,0
50863,-1,Avatar von Xolotal,,31325,55564,0,-1,0,0,0,0,0,0,0,0,0,0,24803,135,464,0,3,37290048,0,0,0,0,0
50864,-1,Gotaka der Atal'zul,,31326,55564,0,-1,0,0,0,0,0,0,0,0,0,0,24804,135,464,0,3,37290048,0,0,0,0,0
50866,-1,Zayoos,,31328,66345,0,-1,0,0,0,0,0,0,0,0,0,0,24805,135,464,0,3,37290048,0,0,0,0,0
50867,-1,Tambano,,31329,55564,0,-1,0,0,0,0,0,0,0,0,0,0,24806,135,464,0,3,37290048,0,0,0,0,0
50868,-1,Dornenschwinge,,31330,55564,0,-1,0,0,0,0,0,0,0,0,0,0,24807,135,464,0,3,37290048,0,0,0,0,0
50869,-1,Kiboku,,31331,55564,0,-1,0,0,0,0,0,0,0,0,0,0,24808,135,464,0,3,37290048,0,0,0,0,0
50870,-1,G'Naat,,31332,55564,0,-1,0,0,0,0,0,0,0,0,0,0,24809,135,464,0,3,37290048,0,0,0,0,0
50871,-1,Dolchzahn,,31333,55564,0,-1,0,0,0,0,0,0,0,0,0,0,24810,135,464,0,3,37290048,0,0,0,0,0
50872,-1,Schlachtkriecher Karkithiss,,31334,55564,0,-1,0,0,0,0,0,0,0,0,0,0,24811,135,464,0,3,37290048,0,0,0,0,0
50873,-1,Seltsames Ei,,31335,55564,0,-1,0,0,0,0,0,0,0,0,0,0,24812,135,464,0,3,37290048,0,0,0,0,0
50874,-1,Hakbi der Auferstandene,,31336,55564,0,-1,0,0,0,0,0,0,0,0,0,0,24813,135,464,0,3,37290048,0,0,0,0,0
50875,-1,Dunkelsprecher Jo'la,,31337,55564,0,-1,0,0,0,0,0,0,0,0,0,0,24814,135,464,0,3,37290048,0,0,0,0,0
50876,-1,Mordschnabel,,31338,55564,0,-1,0,0,0,0,0,0,0,0,0,0,24815,135,464,0,3,37290048,0,0,0,0,0
50877,-1,Gahz'ralka,,31339,55564,0,-1,0,0,0,0,0,0,0,0,0,0,24816,135,464,0,3,37290048,0,0,0,0,0
50885,-1,Lei-zhi,,31347,55564,0,-1,0,0,0,0,0,0,0,0,0,0,25019,135,464,0,3,37290048,0,0,0,0,0
50899,6130900294268439629,"Nicht mit mir, Troll",,31361,55564,0,-1,0,0,0,0,0,0,0,0,0,158924,24850,109,464,0,3,272171008,0,0,0,0,0
50936,6130900294268439629,Überlebensstrategie,,31398,55564,0,-1,0,0,0,0,0,0,0,0,0,0,24848,109,464,0,3,41484288,8192,0,0,0,0
50957,-6184943489809468494,Rezans Zorn,,31417,55564,0,-1,0,0,0,0,0,0,0,0,0,0,24888,109,464,0,3,40435712,8192,0,0,0,0
50958,6130900294268439629,Achtet auf Eure Geldbörsen,,31418,55564,0,-1,0,0,0,0,0,0,0,0,0,0,26580,109,464,0,3,34144256,0,0,0,0,0
50959,6130900294268439629,Plündernde Piraten,,31420,0,0,-1,0,0,0,0,0,0,0,0,0,0,0,0,1404,0,3,38338624,0,32768,0,0,0
50961,6130900294268439629,Rettet unsere Schriftrollen!,,31106,55564,0,-1,0,0,0,0,0,0,0,0,0,0,24847,109,464,0,3,38338560,8192,0,0,0,0
50962,6130900294268439629,Frachtrückforderung,,31424,55564,0,-1,0,0,0,0,0,0,0,0,0,0,24846,109,464,0,3,41484288,8192,0,0,0,0
50964,-6184943489809468494,Ritueller Kampf,,31426,61938,0,-1,0,0,0,0,0,0,0,0,0,0,24915,109,464,0,3,35323904,0,0,0,0,0
50966,-6184943489809468494,Putzkolonne,,31428,55564,0,-1,0,0,0,0,0,0,0,0,0,0,24998,109,464,0,3,38338560,8192,0,0,0,0
50969,6130900294268439629,Notfallmanagement,,31430,55564,0,-1,0,0,0,0,0,0,0,0,0,0,25233,109,464,0,3,41484288,8192,0,0,0,0
50975,-1,Azeritbergbau,,31436,55564,0,-1,0,0,0,0,0,0,0,0,0,0,24940,151,464,0,3,272171008,0,0,0,0,0
50977,6130900294268439629,Schmugglerrazzia,,31438,55564,0,-1,0,0,0,0,0,0,0,0,0,0,24941,109,464,0,3,34144256,0,0,0,0,0
50981,6130900294268439629,Arbeitsauftrag: Flussknospen,,31442,55564,0,-1,0,0,0,0,0,2549,1,0,0,0,26156,119,464,0,3,524608,0,2,0,0,0
50982,6130900294268439629,Arbeitsauftrag: Sternmoos,,31443,55564,0,-1,0,0,0,0,0,2549,1,0,0,0,26157,119,464,0,3,524608,0,2,0,0,0
50983,6130900294268439629,Arbeitsauftrag: Akundas Biss,,31444,55564,0,-1,0,0,0,0,0,2549,1,0,0,0,26158,119,464,0,3,524608,0,2,0,0,0
50984,6130900294268439629,Arbeitsauftrag: Winterkuss,,31445,55564,0,-1,0,0,0,0,0,2549,1,0,0,0,26159,119,464,0,3,524608,0,2,0,0,0
50985,6130900294268439629,Arbeitsauftrag: Sirenenpollen,,31446,55564,0,-1,0,0,0,0,0,2549,1,0,0,0,26160,119,464,0,3,524608,0,2,0,0,0
50986,6130900294268439629,Arbeitsauftrag: Meeresstängel,,31447,55564,0,-1,0,0,0,0,0,2549,1,0,0,0,26161,119,464,0,3,524608,0,2,0,0,0
50987,6130900294268439629,Arbeitsauftrag: Moneliterz,,31448,55564,0,-1,0,0,0,0,0,2565,1,0,0,0,26175,120,464,0,3,524608,0,2,0,0,0
50989,6130900294268439629,Arbeitsauftrag: Sturmsilbererz,,31450,55564,0,-1,0,0,0,0,0,2565,1,0,0,0,26176,120,464,0,3,524608,0,2,0,0,0
50991,6130900294268439629,Arbeitsauftrag: Blutbefleckter Knochen,,31452,55564,0,-1,0,0,0,0,0,2557,1,0,0,0,26183,124,464,0,3,524608,0,2,0,0,0
50992,6130900294268439629,Arbeitsauftrag: Kalzifizierter Knochen,,31453,55564,0,-1,0,0,0,0,0,2557,1,0,0,0,26184,124,464,0,3,524608,0,2,0,0,0
50993,6130900294268439629,Arbeitsauftrag: Raues Leder,,31454,55564,0,-1,0,0,0,0,0,2557,1,0,0,0,26185,124,464,0,3,524608,0,2,0,0,0
50994,6130900294268439629,Arbeitsauftrag: Sturmbalg,,31455,55564,0,-1,0,0,0,0,0,2557,1,0,0,0,26186,124,464,0,3,524608,0,2,0,0,0
50995,6130900294268439629,Arbeitsauftrag: Schimmerschuppen,,31456,55564,0,-1,0,0,0,0,0,2557,1,0,0,0,26187,124,464,0,3,524608,0,2,0,0,0
50996,6130900294268439629,Arbeitsauftrag: Nebelschuppen,,31457,55564,0,-1,0,0,0,0,0,2557,1,0,0,0,26188,124,464,0,3,524608,0,2,0,0,0
50997,6130900294268439629,Arbeitsauftrag: Gischtvernebeltes Leinen,,31458,55564,0,-1,0,0,0,0,0,197,1,0,0,0,26177,121,464,0,3,524608,0,2,0,0,0
50998,6130900294268439629,Arbeitsauftrag: Tiefseesatin,,31459,55564,0,-1,0,0,0,0,0,197,1,0,0,0,26178,121,464,0,3,524608,0,2,0,0,0
50999,-6184943489809468494,Arbeitsauftrag: Flussknospen,,31460,55564,0,-1,0,0,0,0,0,2549,1,0,0,0,26229,119,464,0,3,524608,0,2,0,0,0
51000,-6184943489809468494,Arbeitsauftrag: Sternmoos,,31463,55564,0,-1,0,0,0,0,0,2549,1,0,0,0,26230,119,464,0,3,524608,0,2,0,0,0
51002,-6184943489809468494,Arbeitsauftrag: Akundas Biss,,31464,55564,0,-1,0,0,0,0,0,2549,1,0,0,0,26231,119,464,0,3,524608,0,2,0,0,0
51003,-6184943489809468494,Arbeitsauftrag: Winterkuss,,31465,55564,0,-1,0,0,0,0,0,2549,1,0,0,0,26232,119,464,0,3,524608,0,2,0,0,0
51004,-6184943489809468494,Arbeitsauftrag: Sirenenpollen,,31466,55564,0,-1,0,0,0,0,0,2549,1,0,0,0,26233,119,464,0,3,524608,0,2,0,0,0
51005,-6184943489809468494,Arbeitsauftrag: Meeresstängel,,31467,55564,0,-1,0,0,0,0,0,2549,1,0,0,0,26234,119,464,0,3,524608,0,2,0,0,0
51006,-6184943489809468494,Arbeitsauftrag: Moneliterz,,31468,67908,0,-1,0,0,0,0,0,2565,1,0,0,0,26251,120,464,0,3,524608,0,2,0,0,0
51007,-6184943489809468494,Arbeitsauftrag: Sturmsilbererz,,31469,55564,0,-1,0,0,0,0,0,2565,1,0,0,0,26252,120,464,0,3,524608,0,2,0,0,0
51008,-6184943489809468494,Arbeitsauftrag: Blutbefleckter Knochen,,31470,55564,0,-1,0,0,0,0,0,2557,1,0,0,0,26259,124,464,0,3,524608,0,2,0,0,0
51009,-6184943489809468494,Arbeitsauftrag: Kalzifizierter Knochen,,31471,55564,0,-1,0,0,0,0,0,2557,1,0,0,0,26260,124,464,0,3,524608,0,2,0,0,0
51010,-6184943489809468494,Arbeitsauftrag: Raues Leder,,31472,55564,0,-1,0,0,0,0,0,2557,1,0,0,0,26261,124,464,0,3,524608,0,2,0,0,0
51011,-6184943489809468494,Arbeitsauftrag: Sturmbalg,,31473,55564,0,-1,0,0,0,0,0,2557,1,0,0,0,26262,124,464,0,3,524608,0,2,0,0,0
51012,-6184943489809468494,Arbeitsauftrag: Schimmerschuppen,,31474,55564,0,-1,0,0,0,0,0,2557,1,0,0,0,26263,124,464,0,3,524608,0,2,0,0,0
51013,-6184943489809468494,Arbeitsauftrag: Nebelschuppen,,31475,55564,0,-1,0,0,0,0,0,2557,1,0,0,0,26264,124,464,0,3,524608,0,2,0,0,0
51014,-6184943489809468494,Arbeitsauftrag: Gischtvernebeltes Leinen,,31476,55564,0,-1,0,0,0,0,0,197,1,0,0,0,26267,121,464,0,3,524608,0,2,0,0,0
51015,-6184943489809468494,Arbeitsauftrag: Tiefseesatin,,31477,55564,0,-1,0,0,0,0,0,197,1,0,0,0,26268,121,464,0,3,524608,0,2,0,0,0
51017,6130900294268439629,Benötigte Vorräte: Moneliterz,,31479,55564,0,-1,0,0,0,0,0,0,0,0,0,0,26074,109,464,0,3,524608,0,2,0,0,0
51021,6130900294268439629,Benötigte Vorräte: Sturmsilbererz,,31483,55564,0,-1,0,0,0,0,0,0,0,0,0,0,26075,109,464,0,3,524608,0,2,0,0,0
51022,6130900294268439629,Benötigte Vorräte: Flussknospen,,31484,55564,0,-1,0,0,0,0,0,0,0,0,0,0,26072,109,464,0,3,524608,0,2,0,0,0
51023,6130900294268439629,Benötigte Vorräte: Sternmoos,,31485,55564,0,-1,0,0,0,0,0,0,0,0,0,0,26073,109,464,0,3,524608,0,2,0,0,0
51024,6130900294268439629,Benötigte Vorräte: Akundas Biss,,31486,55564,0,-1,0,0,0,0,0,0,0,0,0,0,26127,109,464,0,3,524608,0,2,0,0,0
51025,6130900294268439629,Benötigte Vorräte: Winterkuss,,31487,55564,0,-1,0,0,0,0,0,0,0,0,0,0,26128,109,464,0,3,524608,0,2,0,0,0
51026,6130900294268439629,Benötigte Vorräte: Sirenenpollen,,31488,55564,0,-1,0,0,0,0,0,0,0,0,0,0,26129,109,464,0,3,524608,0,2,0,0,0
51027,6130900294268439629,Benötigte Vorräte: Meeresstängel,,31489,55564,0,-1,0,0,0,0,0,0,0,0,0,0,26130,109,464,0,3,524608,0,2,0,0,0
51028,6130900294268439629,Benötigte Vorräte: Blutbefleckter Knochen,,31490,55564,0,-1,0,0,0,0,0,0,0,0,0,0,26132,109,464,0,3,524608,0,2,0,0,0
51029,6130900294268439629,Benötigte Vorräte: Kalzifizierter Knochen,,31491,55564,0,-1,0,0,0,0,0,0,0,0,0,0,26133,109,464,0,3,524608,0,2,0,0,0
51030,6130900294268439629,Benötigte Vorräte: Raues Leder,,31492,55564,0,-1,0,0,0,0,0,0,0,0,0,0,26134,109,464,0,3,524608,0,2,0,0,0
51031,6130900294268439629,Benötigte Vorräte: Sturmbälge,,31493,55564,0,-1,0,0,0,0,0,0,0,0,0,0,26135,109,464,0,3,524608,0,2,0,0,0
51032,6130900294268439629,Benötigte Vorräte: Schimmerschuppen,,31494,55564,0,-1,0,0,0,0,0,0,0,0,0,0,26136,109,464,0,3,524608,0,2,0,0,0
51033,6130900294268439629,Benötigte Vorräte: Nebelschuppen,,31495,55564,0,-1,0,0,0,0,0,0,0,0,0,0,26137,109,464,0,3,524608,0,2,0,0,0
51034,6130900294268439629,Benötigte Vorräte: Gischtvernebeltes Leinen,,31496,55564,0,-1,0,0,0,0,0,0,0,0,0,0,26138,109,464,0,3,524608,0,2,0,0,0
51035,6130900294268439629,Benötigte Vorräte: Tiefseesatin,,31497,55564,0,-1,0,0,0,0,0,0,0,0,0,0,26139,109,464,0,3,524608,0,2,0,0,0
51036,-6184943489809468494,Benötigte Vorräte: Flussknospen,,31498,55564,0,-1,0,0,0,0,0,0,0,0,0,0,26222,109,464,0,3,524608,0,2,0,0,0
51037,-6184943489809468494,Benötigte Vorräte: Sternmoos,,31499,55564,0,-1,0,0,0,0,0,0,0,0,0,0,26223,109,464,0,3,524608,0,2,0,0,0
51038,-6184943489809468494,Benötigte Vorräte: Akundas Biss,,31500,55564,0,-1,0,0,0,0,0,0,0,0,0,0,26224,109,464,0,3,524608,0,2,0,0,0
51039,-6184943489809468494,Benötigte Vorräte: Winterkuss,,31501,55564,0,-1,0,0,0,0,0,0,0,0,0,0,26225,109,464,0,3,524608,0,2,0,0,0
51040,-6184943489809468494,Benötigte Vorräte: Sirenenpollen,,31502,55564,0,-1,0,0,0,0,0,0,0,0,0,0,26227,109,464,0,3,524608,0,2,0,0,0
51041,-6184943489809468494,Benötigte Vorräte: Meeresstängel,,31503,55564,0,-1,0,0,0,0,0,0,0,0,0,0,26228,109,464,0,3,524608,0,2,0,0,0
51042,-6184943489809468494,Benötigte Vorräte: Moneliterz,,31504,55564,0,-1,0,0,0,0,0,0,0,0,0,0,26249,109,464,0,3,524608,0,2,0,0,0
51043,-6184943489809468494,Benötigte Vorräte: Sturmsilbererz,,31505,55564,0,-1,0,0,0,0,0,0,0,0,0,0,26250,109,464,0,3,524608,0,2,0,0,0
51044,-6184943489809468494,Benötigte Vorräte: Blutbefleckter Knochen,,31506,55564,0,-1,0,0,0,0,0,0,0,0,0,0,26253,109,464,0,3,524608,0,2,0,0,0
51045,-6184943489809468494,Benötigte Vorräte: Kalzifizierter Knochen,,31507,55564,0,-1,0,0,0,0,0,0,0,0,0,0,26254,109,464,0,3,524608,0,2,0,0,0
51046,-6184943489809468494,Benötigte Vorräte: Raues Leder,,31508,55564,0,-1,0,0,0,0,0,0,0,0,0,0,26255,109,464,0,3,524608,0,2,0,0,0
51047,-6184943489809468494,Benötigte Vorräte: Sturmbälge,,31509,55564,0,-1,0,0,0,0,0,0,0,0,0,0,26256,109,464,0,3,524608,0,2,0,0,0
51048,-6184943489809468494,Benötigte Vorräte: Schimmerschuppen,,31510,55564,0,-1,0,0,0,0,0,0,0,0,0,0,26257,109,464,0,3,524608,0,2,0,0,0
51049,-6184943489809468494,Benötigte Vorräte: Nebelschuppen,,31511,55564,0,-1,0,0,0,0,0,0,0,0,0,0,26258,109,464,0,3,524608,0,2,0,0,0
51050,-6184943489809468494,Benötigte Vorräte: Gischtvernebeltes Leinen,,31512,55564,0,-1,0,0,0,0,0,0,0,0,0,0,26265,109,464,0,3,524608,0,2,0,0,0
51051,-6184943489809468494,Benötigte Vorräte: Tiefseesatin,,31513,55564,0,-1,0,0,0,0,0,0,0,0,0,0,26266,109,464,0,3,524608,0,2,0,0,0
51064,-1,Azeritwunden,,31525,55564,0,-1,0,0,0,0,0,0,0,0,0,0,24952,151,464,0,3,7930112,8192,0,0,0,0
51081,-1,Syrawon die Herrin,,31539,55564,0,-1,0,0,0,0,0,0,0,0,0,0,25021,135,464,0,3,37290048,0,0,0,0,0
51084,-1,Dunkler Chronist,,31542,55564,0,-1,0,0,0,0,0,0,0,0,0,0,25020,135,464,0,3,37290048,0,0,0,0,0
51090,6130900294268439629,Das malerische Anwesen der Norwinsens,,31548,55564,0,-1,0,0,0,0,0,0,0,0,0,157540,26577,109,464,0,3,38338560,8192,0,0,0,0
51092,6130900294268439629,Malerisches Boralus,,31550,55564,0,-1,0,0,0,0,0,0,0,0,0,157540,26578,109,464,0,3,38338560,8192,0,0,0,0
51095,-1,Aschmähne,,31553,55564,0,-1,0,0,0,0,0,0,0,0,0,0,24965,135,464,0,3,37290048,0,0,0,0,0
51096,-1,Azer'tor,,31554,55564,0,-1,0,0,0,0,0,0,0,0,0,0,24966,135,464,0,3,37290048,0,0,0,0,0
51097,-1,Aufgeblähter Krolusk,,31555,55564,0,-1,0,0,0,0,0,0,0,0,0,0,24967,135,464,0,3,37290048,0,0,0,0,0
51098,-1,Kommodore Kalhaun,,31556,55564,0,-1,0,0,0,0,0,0,0,0,0,0,24968,135,464,0,3,37290048,0,0,0,0,0
51099,-1,Schlitz-Ritz der Fresser,,31557,55564,0,-1,0,0,0,0,0,0,0,0,0,0,24969,135,464,0,3,37290048,0,0,0,0,0
51100,-1,Riesiger Sandschnapper,,31558,55564,0,-1,0,0,0,0,0,0,0,0,0,0,24970,135,464,0,3,37290048,0,0,0,0,0
51102,-1,Kamid der Fallensteller,,31560,55564,0,-1,0,0,0,0,0,0,0,0,0,0,24971,135,464,0,3,37290048,0,0,0,0,0
51103,-1,Nez'ara,,31561,55564,0,-1,0,0,0,0,0,0,0,0,0,0,24972,135,464,0,3,37290048,0,0,0,0,0
51104,-1,Himmelsrufer Teskris,,31562,55564,0,-1,0,0,0,0,0,0,0,0,0,0,24973,135,464,0,3,37290048,0,0,0,0,0
51105,-1,Ak'tar,,31563,55564,0,-1,0,0,0,0,0,0,0,0,0,0,24974,135,464,0,3,37290048,0,0,0,0,0
51106,-1,Sängerin Nahjeen,,31564,55564,0,-1,0,0,0,0,0,0,0,0,0,0,24975,135,464,0,3,37290048,0,0,0,0,0
51107,-1,Schuppenklauenbrutmutter,,31565,55564,0,-1,0,0,0,0,0,0,0,0,0,0,24976,135,464,0,3,37290048,0,0,0,0,0
51108,-1,Schwarmmutter Kraxi,,31566,55564,0,-1,0,0,0,0,0,0,0,0,0,0,24977,135,464,0,3,37290048,0,0,0,0,0
51109,6130900294268439629,Verbrannte Erde,,31567,55564,0,-1,0,0,0,0,0,0,0,0,0,159745,25596,109,464,0,3,41615360,8192,0,0,0,0
51112,-1,Kriegshetzer Hozzik,,31570,55564,0,-1,0,0,0,0,0,0,0,0,0,0,24978,135,464,0,3,37290048,0,0,0,0,0
51113,-1,Kriegsfürst Zothix,,31571,55564,0,-1,0,0,0,0,0,0,0,0,0,0,24979,135,464,0,3,37290048,0,0,0,0,0
51114,-1,Gefangene Kriegsmatrone,,31572,55564,0,-1,0,0,0,0,0,0,0,0,0,0,24980,135,464,0,3,37290048,0,0,0,0,0
51115,-1,Zunashi der Verbannte,,31573,55564,0,-1,0,0,0,0,0,0,0,0,0,0,24981,135,464,0,3,37290048,0,0,0,0,0
51116,-1,Himmelsschnitzer Krakit,,31574,55564,0,-1,0,0,0,0,0,0,0,0,0,0,24982,135,464,0,3,37290048,0,0,0,0,0
51117,-1,Bajiani die Aalglatte,,31575,55564,0,-1,0,0,0,0,0,0,0,0,0,0,24983,135,464,0,3,37290048,0,0,0,0,0
51118,-1,Knochenpicker der Blutflügel,,31576,55564,0,-1,0,0,0,0,0,0,0,0,0,0,24984,135,464,0,3,37290048,0,0,0,0,0
51119,-1,Vathikur,,31577,55564,0,-1,0,0,0,0,0,0,0,0,0,0,24985,135,464,0,3,37290048,0,0,0,0,0
51120,-1,"Stef ""Bis aufs Mark"" Quin",,31578,55564,0,-1,0,0,0,0,0,0,0,0,0,0,24986,135,464,0,3,37290048,0,0,0,0,0
51121,-1,Wütender Krolusk,,31579,55564,0,-1,0,0,0,0,0,0,0,0,0,0,24987,135,464,0,3,37290048,0,0,0,0,0
51122,-1,Skorpox,,31580,55564,0,-1,0,0,0,0,0,0,0,0,0,0,24988,135,464,0,3,37290048,0,0,0,0,0
51123,-1,Sirokar,,31581,55564,0,-1,0,0,0,0,0,0,0,0,0,0,24989,135,464,0,3,37290048,0,0,0,0,0
51124,-1,Reliktjäger Hazaak,,31582,55564,0,-1,0,0,0,0,0,0,0,0,0,0,24990,135,464,0,3,37290048,0,0,0,0,0
51125,-1,Dschungelnetzjäger,,31583,55564,0,-1,0,0,0,0,0,0,0,0,0,0,24991,135,464,0,3,37290048,0,0,0,0,0
51127,6130900294268439629,Außer Kontrolle,,31585,67687,0,-1,5,0,0,0,0,0,0,0,0,0,24844,109,464,0,3,41484288,8192,0,0,0,0
51131,6130900294268439629,Absolut barbarisch,,31587,55564,0,-1,0,0,0,0,0,0,0,0,0,0,24843,109,464,0,3,41484288,8192,0,0,0,0
51153,-1,Mor'fani der Verbannte,,31606,55564,0,-1,0,0,0,0,0,0,0,0,0,0,25012,136,464,0,3,37289984,0,0,0,0,0
51154,6130900294268439629,Überfällig,,31607,55564,0,-1,0,0,0,0,0,0,0,0,0,0,24841,109,464,0,3,41484288,8192,0,0,0,0
51155,-1,Brgl-Lrgl der Schläger,,31608,55564,0,-1,0,0,0,0,0,0,0,0,0,0,25014,136,464,0,3,37289984,0,0,0,0,0
51156,-1,Giftzahnrufer Xorreth,,31609,55564,0,-1,0,0,0,0,0,0,0,0,0,0,25015,136,464,0,3,37289984,0,0,0,0,0
51157,-1,Golanar,,31610,55564,0,-1,0,0,0,0,0,0,0,0,0,0,25242,136,464,0,3,37289984,0,0,0,0,0
51166,6130900294268439629,Bis zu den Wurzeln,,31619,55564,0,-1,0,0,0,0,0,0,0,0,0,0,24840,109,464,0,3,41484288,8192,0,0,0,0
51172,6130900294268439629,Gabelblitz,,31018,55564,0,-1,0,0,0,0,0,0,0,0,0,0,24839,109,464,0,3,41484288,8192,0,0,0,0
51173,-6184943489809468494,Sandfischen,,31625,55564,0,-1,0,0,0,0,0,0,0,0,0,0,25029,109,464,0,3,7929856,8192,0,0,0,0
51174,-6184943489809468494,Ohne Anleitung,,31626,55564,0,-1,0,0,0,0,0,0,0,0,0,0,25026,109,464,0,3,37289984,8192,0,0,0,0
51175,-1,Azeritwunden,,31627,55564,0,-1,0,0,0,0,0,0,0,0,0,0,25031,151,464,0,3,7929856,8192,0,0,0,0
51176,6130900294268439629,Vermisst,,31628,55564,0,-1,0,0,0,0,0,0,0,0,0,159761,25597,109,464,0,3,41484288,8192,0,0,0,0
51178,6130900294268439629,Einhundert Trolle im Weg,,31630,55564,0,-1,0,0,0,0,0,0,0,0,0,0,25090,109,464,0,3,37289984,8192,0,0,0,0
51179,-1,Azeritwahn,,31631,55564,0,-1,0,0,0,0,0,0,0,0,0,0,25033,151,464,0,3,7930112,8192,0,0,0,0
51180,-6184943489809468494,Ohne Anleitung,,31632,55564,0,-1,0,0,0,0,0,0,0,0,0,0,25027,109,464,0,3,37289984,8192,0,0,0,0
51181,-6184943489809468494,Ohne Anleitung,,31633,55564,0,-1,0,0,0,0,0,0,0,0,0,0,25028,109,464,0,3,37289984,8192,0,0,0,0
51185,-1,Azeritermächtigung,,31635,55564,0,-1,0,0,0,0,0,0,0,0,0,0,25034,151,464,0,3,3735552,0,0,0,0,0
51198,-6184943489809468494,Düngerdienst,,31640,55564,0,-1,0,0,0,0,0,0,0,0,0,0,25038,109,464,0,3,41484288,8192,0,0,0,0
51210,-6184943489809468494,Sprengung der Belagerung,,31651,55564,0,-1,0,0,0,0,0,0,0,0,0,0,25044,109,464,0,3,36241408,8192,0,0,0,0
51212,-1,Das Kronsteiganwesen: Die Hexenküche,,31653,55564,0,-1,0,0,0,0,0,0,0,0,0,0,25045,137,464,0,3,34144256,0,2,0,0,0
51213,-1,Das Kronsteiganwesen: Eine Hexe zu viel,,31654,55564,0,-1,0,0,0,0,0,0,0,0,0,0,25046,137,464,0,3,34144320,0,2,0,0,0
51216,-1,Das Kronsteiganwesen: Das Krächzen der Krähe,,31657,55564,0,-1,0,0,0,0,0,0,0,0,0,0,25047,137,464,0,3,34144320,0,2,0,0,0
51223,-6184943489809468494,Über Scherben laufen,,31664,55564,0,-1,0,0,0,0,0,0,0,0,0,0,25051,109,464,0,3,41484544,0,0,0,0,0
51225,6130900294268439629,Beflügelter Schrecken,,31666,55564,0,-1,0,0,0,0,0,0,0,0,0,0,25054,109,464,0,3,34144256,0,0,0,0,0
51228,-6184943489809468494,"Instantfleisch, verzehrfertig",,31668,55564,0,-1,0,0,0,0,0,0,0,0,0,159796,25061,109,464,0,3,34275328,0,0,0,0,0
51232,-6184943489809468494,Einhundert Trolle im Weg,,31672,55564,0,-1,0,0,0,0,0,0,0,0,0,0,25089,109,464,0,3,37289984,8192,0,0,0,0
51238,-6184943489809468494,Verlassen in den Höhlen,,31675,55564,0,-1,0,0,0,0,0,0,0,0,0,0,25062,109,464,0,3,34144256,8192,0,0,0,0
51239,-6184943489809468494,Ohne Anleitung,,31676,55564,0,-1,0,0,0,0,0,0,0,0,0,0,25063,109,464,0,3,37289984,8192,0,0,0,0
51241,6130900294268439629,Hexenbären,,31678,55564,0,-1,0,0,0,0,0,0,0,0,0,0,25065,109,464,0,3,34144256,0,0,0,0,0
51245,6130900294268439629,Ich bin Holzfäller und mir geht's gut,,31682,55564,0,-1,0,0,0,0,0,0,0,0,0,0,25066,109,464,0,3,34144256,0,0,0,0,0
51250,-6184943489809468494,Macht einen Abflug!,,31687,55564,0,-1,0,0,0,0,0,0,0,0,0,0,25067,109,464,0,3,41484608,0,0,0,0,0
51252,-6184943489809468494,Kiros Wüstenblume,,31689,55564,0,-1,0,0,0,0,0,0,0,0,0,0,25070,109,464,0,3,34275328,0,0,0,0,0
51284,6130900294268439629,Falkenjagd,,31697,55564,0,-1,0,0,0,0,0,0,0,0,0,152643,25931,109,464,0,3,34144256,8192,0,0,0,0
51285,-6184943489809468494,Fressattacke,,31698,55564,0,-1,0,0,0,0,0,0,0,0,0,0,25080,109,464,0,3,7929856,8192,0,0,0,0
51287,-1,Tol Dagor: Versiegelte Vorräte,,31700,55564,0,-1,0,0,0,0,0,0,0,0,0,0,25081,137,464,0,3,35192832,0,2,0,0,0
51296,-1,Tol Dagor: Der Stolz des Aufsehers,,31701,55564,0,-1,0,0,0,0,0,0,0,0,0,0,25085,137,464,0,3,35192832,0,2,0,0,0
51297,-1,Tol Dagor: Küstengrundstück,,31702,55564,0,-1,0,0,0,0,0,0,0,0,0,0,25088,137,464,0,3,35192832,0,2,0,0,0
51311,6130900294268439629,Energie spendendes Extrakt,,31709,55564,0,-1,0,0,0,0,0,0,0,0,0,0,25891,109,464,0,3,34144256,0,0,0,0,0
51315,-6184943489809468494,Wilde Flatterlinge,,31713,55564,0,-1,0,0,0,0,0,0,0,0,0,0,25093,109,464,0,3,38338560,8192,0,0,0,0
51316,-6184943489809468494,Spaziergang im Spinnennetz,,31714,55564,0,-1,0,0,0,0,0,0,0,0,0,0,25094,109,464,0,3,41484288,8192,0,0,0,0
51317,6130900294268439629,Schmutzsteine klopfen,,31715,55564,0,-1,0,0,0,0,0,0,0,0,0,0,25929,109,464,0,3,34144256,0,0,0,0,0
51318,6130900294268439629,Auf das Boot,,31716,55564,0,-1,0,0,0,0,0,0,0,0,0,0,25236,109,464,0,3,40435712,8192,0,0,0,0
51322,-6184943489809468494,Flügel und Stacheln,,31720,55564,0,-1,0,0,0,0,0,0,0,0,0,0,25098,109,464,0,3,38338560,8192,0,0,0,0
51330,-6184943489809468494,Widerstandsfähige Samenkörner,,31721,55564,0,-1,0,0,0,0,0,0,0,0,0,0,25096,109,464,0,3,41484544,0,0,0,0,0
51333,6130900294268439629,Anker lichten!,,31724,55564,0,-1,0,0,0,0,0,0,0,0,0,0,25237,109,464,0,3,40435712,8192,0,0,0,0
51373,6130900294268439629,Überall Ohren,,31761,55564,0,-1,0,0,0,0,0,0,0,0,0,0,25116,109,464,0,3,41484544,0,0,0,0,0
51374,6130900294268439629,Endlose Gorillakriegsführung,,31762,66345,0,-1,0,0,0,0,0,0,0,0,0,0,25121,109,464,0,3,37290304,0,0,0,0,0
51377,-1,Der Tempel von Sethraliss: Ökologische Forschung,,31765,55564,0,-1,0,0,0,0,0,0,0,0,0,0,25124,137,464,0,3,35193088,0,2,0,0,0
51378,-1,Der Tempel von Sethraliss: Bazar des Bizarren,,31766,55564,0,-1,0,0,0,0,0,0,0,0,0,0,25125,137,464,0,3,35193088,0,2,0,0,0
51379,-1,Der Tempel von Sethraliss: Ein Weg durch die Strömungen,,31767,55564,0,-1,0,0,0,0,0,0,0,0,0,0,25126,137,464,0,3,35193088,0,2,0,0,0
51385,6130900294268439629,Ein Stachelvorrat,,31771,67806,0,-1,0,0,0,0,0,0,0,0,0,0,25127,109,464,0,3,34144256,0,0,0,0,0
51388,6130900294268439629,Den Befall aufhalten,,31773,55564,0,-1,0,0,0,0,0,0,0,0,0,0,25128,109,464,0,3,34144256,0,0,0,0,0
51397,6130900294268439629,Angst vor dem Bohrer,,31780,55564,0,-1,0,0,0,0,0,0,0,0,0,0,25363,109,464,0,3,40435712,8192,0,0,0,0
51405,6130900294268439629,Verderbnis in der Bucht,,31786,55564,0,-1,0,0,0,0,0,0,0,0,0,0,25132,109,464,0,3,34144256,0,0,0,0,0
51406,6130900294268439629,Die Jagd des Lords,,31788,70114,0,-1,0,0,0,0,0,0,0,0,0,0,25930,109,464,0,3,34144256,0,0,0,0,0
51411,-1,Azeritbergbau,,31791,55564,0,-1,0,0,0,0,0,0,0,0,0,0,25017,151,464,0,3,272171008,0,0,0,0,0
51412,-1,Azeritermächtigung,,31792,55564,0,-1,0,0,0,0,0,0,0,0,0,0,25005,151,464,0,3,3735552,0,0,0,0,0
51415,-1,Azeritwahn,,31794,55564,0,-1,0,0,0,0,0,0,0,0,0,0,25018,151,464,0,3,7929856,8192,0,0,0,0
51422,-1,Azeritwahn,,31798,55564,0,-1,0,0,0,0,0,0,0,0,0,0,25162,151,464,0,3,7929856,8192,0,0,0,0
51428,-1,Azeritwunden,,31802,55564,0,-1,0,0,0,0,0,0,0,0,0,0,25161,151,464,0,3,7929856,8192,0,0,0,0
51429,-1,König Zwickizwack,,31803,55564,0,-1,0,0,0,0,0,0,0,0,0,0,25171,135,464,0,3,37290048,0,0,0,0,0
51431,-1,Seelengoliath,,31805,55564,0,-1,0,0,0,0,0,0,0,0,0,0,25176,136,464,0,3,34144256,0,0,0,0,0
51433,-1,Matrone Morana,,31807,55564,0,-1,0,0,0,0,0,0,0,0,0,0,25175,136,464,0,3,34144256,0,0,0,0,0
51434,-1,Steingolem,,31808,55564,0,-1,0,0,0,0,0,0,0,0,0,0,25177,136,464,0,3,34144256,0,0,0,0,0
51444,-1,Azeritermächtigung,,31818,55564,0,-1,0,0,0,0,0,0,0,0,0,0,25166,151,464,0,3,3735552,0,0,0,0,0
51450,-1,Azeritbergbau,,31824,55564,0,-1,0,0,0,0,0,0,0,0,0,0,25165,151,464,0,3,272171008,0,0,0,0,0
51453,-1,Der Schrein des Sturms: Sehet das reine Wasser,,31825,55564,0,-1,0,0,0,0,0,0,0,0,0,0,25180,137,464,0,3,35192832,0,2,0,0,0
51454,6130900294268439629,Eine weitere Schlacht zu schlagen,,31826,55564,0,-1,0,0,0,0,0,0,0,0,0,0,25181,109,464,0,3,34144256,0,0,0,0,0
51455,-1,Der Schrein des Sturms: Reinigende Brunnen,,31827,55564,0,-1,0,0,0,0,0,0,0,0,0,0,25182,137,464,0,3,35192832,0,2,0,0,0
51456,-1,Der Schrein des Sturms: Schleichende Verderbnis,,31828,55564,0,-1,0,0,0,0,0,0,0,0,0,0,25183,137,464,0,3,35192832,0,2,0,0,0
51457,-1,Raunz der Übellaunige,,31829,55564,0,-1,0,0,0,0,0,0,0,0,0,0,25184,135,464,0,3,34144320,0,0,0,0,0
51461,-1,Todeskappe,,31830,55564,0,-1,0,0,0,0,0,0,0,0,0,0,25185,135,464,0,3,34144320,0,0,0,0,0
51462,-6184943489809468494,Fallschirmjäger,,31831,55564,0,-1,0,0,0,0,0,0,0,0,0,0,25389,109,464,0,3,36241408,0,0,0,0,0
51463,-6184943489809468494,Rettung vom Himmel,,31832,55564,0,-1,0,0,0,0,0,0,0,0,0,0,25390,109,464,0,3,36241408,0,0,0,0,0
51466,-1,Arvon der Verratene,,31834,55564,0,-1,0,0,0,0,0,0,0,0,0,0,25187,135,464,0,3,34144320,0,0,0,0,0
51467,-1,Hyo'gi,,31835,55564,0,-1,0,0,0,0,0,0,0,0,0,0,25188,135,464,0,3,34144320,0,0,0,0,0
51468,-1,Knochenschwall,,31836,55564,0,-1,0,0,0,0,0,0,0,0,0,0,25189,135,464,0,3,34144320,0,0,0,0,0
51469,-1,Betti,,31837,55564,0,-1,0,0,0,0,0,0,0,0,0,0,25190,135,464,0,3,34144320,0,0,0,0,0
51475,-6184943489809468494,Brutale Eskorte,,31842,55564,0,-1,0,0,0,0,0,0,0,0,0,0,25193,109,464,0,3,34144256,0,0,0,0,0
51491,-1,Unheilsdorn,,31853,55564,0,-1,0,0,0,0,0,0,0,0,0,0,25195,135,464,0,3,34144320,0,0,0,0,0
51494,-6184943489809468494,Das Bluttor,,31856,67077,0,-1,0,0,0,0,0,0,0,0,0,0,25199,109,464,0,3,34144256,0,0,0,0,0
51495,-6184943489809468494,Die alte Rotana,,31857,57393,0,-1,0,0,0,0,0,0,0,0,0,0,25200,109,464,0,3,38338560,8192,0,0,0,0
51496,-6184943489809468494,Unterste Schubloade,,31858,65496,0,-1,0,0,0,0,0,0,0,0,0,0,25202,109,464,0,3,34144256,0,0,0,0,0
51497,-6184943489809468494,Verhexte Ausbildung,,31859,65496,0,-1,0,0,0,0,0,0,0,0,0,160307,25201,109,464,0,3,34275328,0,0,0,0,0
51500,-1,Die Königsruh: Der Waffenmeister ist wieder auf den Beinen,,31861,55564,0,-1,0,0,0,0,0,0,0,0,0,0,26091,137,464,0,3,34144320,0,2,0,0,0
51501,-1,Die Königsruh: Fatale Fehlfunktion,,31862,55564,0,-1,0,0,0,0,0,0,0,0,0,0,26105,137,464,0,3,34144256,0,2,0,0,0
51502,-1,Die Königsruh: Königswächter,,31863,55564,0,-1,0,0,0,0,0,0,0,0,0,0,26106,137,464,0,3,34144256,0,2,0,0,0
51505,-1,Stachelrattenmatriarchin,,31865,55564,0,-1,0,0,0,0,0,0,0,0,0,0,25203,135,464,0,3,34144320,0,0,0,0,0
51506,-1,Dornstachelkönigin,,31866,55564,0,-1,0,0,0,0,0,0,0,0,0,0,25205,135,464,0,3,34144320,0,0,0,0,0
51507,-1,Blutgeweih,,31867,55564,0,-1,0,0,0,0,0,0,0,0,0,0,25209,135,464,0,3,34144320,0,0,0,0,0
51508,-1,Zwingenmalmer,,31868,55564,0,-1,0,0,0,0,0,0,0,0,0,0,25210,135,464,0,3,34144320,0,0,0,0,0
51512,-1,Gallenzahnmutter,,31869,67266,0,-1,0,0,0,0,0,0,0,0,0,0,25211,135,464,0,3,34144320,0,0,0,0,0
51527,-1,Scharfrichter Schwartz,,31880,55564,0,-1,0,0,0,0,0,0,0,0,0,0,25218,135,464,0,3,34144320,0,0,0,0,0
51528,-1,Käpt'n Bleifaust,,31881,55564,0,-1,0,0,0,0,0,0,0,0,0,0,25219,135,464,0,3,34144320,0,0,0,0,0
51529,-1,Kralle,,31882,55564,0,-1,0,0,0,0,0,0,0,0,0,0,25220,135,464,0,3,34144320,0,0,0,0,0
51530,6130900294268439629,Ungebetene Gäste,,31883,55564,0,-1,0,0,0,0,0,0,0,0,0,0,25224,109,464,0,3,34144256,0,0,0,0,0
51534,6130900294268439629,Die Schlacht um Brennadam,,31886,0,0,-1,1,0,0,0,0,0,0,0,0,0,0,0,1405,0,3,34144256,0,32768,51163,0,0
51541,-1,Bogenlicht,,31892,55564,0,-1,0,0,0,0,0,0,0,0,0,0,25230,135,464,0,3,34144320,0,0,0,0,0
51542,-1,Schneesturz,,31893,55564,0,-1,0,0,0,0,0,0,0,0,0,0,25231,135,464,0,3,34144320,0,0,0,0,0
51546,6130900294268439629,Drecksgrube,,31897,55564,0,-1,0,0,0,0,0,0,0,0,0,0,24837,109,464,0,3,272171264,0,0,0,0,0
51548,6130900294268439629,Nagative Gedanken,,31899,55564,0,-1,0,0,0,0,0,0,0,0,0,0,25594,109,464,0,3,41484288,8192,0,0,0,0
51550,6130900294268439629,Von Toten und Blasen,,31901,55564,0,-1,0,0,0,0,0,0,0,0,0,0,25802,109,464,0,3,41484288,8192,0,0,0,0
51558,-6184943489809468494,Spinnen schmoren,,31909,55564,0,-1,0,0,0,0,0,0,0,0,0,160870,25529,109,464,0,3,37289984,0,0,0,0,0
51559,-6184943489809468494,Beschädigte Ware,,31910,55564,0,-1,0,0,0,0,0,0,0,0,0,160923,25565,109,464,0,3,37421056,0,0,0,0,0
51561,6130900294268439629,Spinnen schmoren,,31912,55564,0,-1,0,0,0,0,0,0,0,0,0,160870,25530,109,464,0,3,37289984,0,0,0,0,0
51562,6130900294268439629,Beschädigte Ware,,31913,55564,0,-1,0,0,0,0,0,0,0,0,0,160923,25564,109,464,0,3,37421056,0,0,0,0,0
51564,6130900294268439629,Düngerdienst,,31915,55564,0,-1,0,0,0,0,0,0,0,0,0,0,25568,109,464,0,3,41484288,8192,0,0,0,0
51565,6130900294268439629,Fressattacke,,31916,55564,0,-1,0,0,0,0,0,0,0,0,0,0,25569,109,464,0,3,7929856,8192,0,0,0,0
51566,6130900294268439629,Wiederkehr der Bestie,,31917,55564,0,-1,0,0,0,0,0,0,0,0,0,0,25246,109,464,0,3,34144256,0,0,0,0,0
51576,6130900294268439629,Nur eine tote Hexe ist eine gute Hexe,,31927,55564,0,-1,0,0,0,0,0,0,0,0,0,0,25254,109,464,0,3,37289984,0,0,0,0,0
51577,6130900294268439629,Verteidigung der Akademie,,31928,68021,0,-1,0,0,0,0,0,0,0,0,0,0,25259,109,464,0,3,38338560,8192,0,0,0,0
51578,-6184943489809468494,Blutrote See,,31929,55564,0,-1,0,0,0,0,0,0,0,0,0,0,25259,109,464,0,3,40435712,8192,0,0,0,0
51579,6130900294268439629,Dunkle Waldläuferin Clea,,31930,55564,0,-1,0,0,0,0,0,0,0,0,0,0,25260,136,464,0,3,38338560,8192,0,0,0,0
51580,-6184943489809468494,Konteradmiral Hainwall,,31931,55564,0,-1,0,0,0,0,0,0,0,0,0,0,25260,136,464,0,3,40435712,8192,0,0,0,0
51581,-1,Azeritbergbau,,31932,55564,0,-1,0,0,0,0,0,0,0,0,0,0,25255,151,464,0,3,272171008,0,0,0,0,0
51583,-1,Azeritwunden,,31934,55564,0,-1,0,0,0,0,0,0,0,0,0,0,25256,151,464,0,3,7929856,8192,0,0,0,0
51584,-1,Azeritwahn,,31935,55564,0,-1,0,0,0,0,0,0,0,0,0,0,25257,151,464,0,3,7929856,8192,0,0,0,0
51585,6130900294268439629,Schluss mit der Hexerei,,31936,55564,0,-1,1,0,0,0,0,0,0,0,0,0,25272,109,464,0,3,3735616,0,0,0,0,0
51586,-1,Azeritermächtigung,,31937,55564,0,-1,0,0,0,0,0,0,0,0,0,0,25258,151,464,0,3,3735552,0,0,0,0,0
51588,6130900294268439629,Vertraute Feinde,,31939,55564,0,-1,0,0,0,0,0,0,0,0,0,0,25437,109,464,0,3,34144256,0,0,0,0,0
51604,6130900294268439629,Gejagte Jäger,,31954,55564,0,-1,0,0,0,0,0,0,0,0,0,0,25514,109,464,0,3,34144320,0,0,0,0,0
51608,-1,Azeritwahn,,31955,67313,0,-1,0,0,0,0,0,0,0,0,0,0,25275,151,464,0,3,7929856,8192,0,0,0,0
51609,-1,Azeritwunden,,31956,67313,0,-1,0,0,0,0,0,0,0,0,0,0,25276,151,464,0,3,7929856,8192,0,0,0,0
51610,-1,Adhara Weiß,,31957,55564,0,-1,0,0,0,0,0,0,0,0,0,0,25286,136,464,0,3,38338560,8192,0,0,0,0
51611,-1,Geist aus der Tiefe,,31958,55564,0,-1,0,0,0,0,0,0,0,0,0,0,25287,136,464,0,3,38338560,8192,0,0,0,0
51612,-1,Azeritermächtigung,,31959,67266,0,-1,0,0,0,0,0,0,0,0,0,0,25274,151,464,0,3,3735552,0,0,0,0,0
51613,-1,Blutrachen,,31960,55564,0,-1,0,0,0,0,0,0,0,0,0,0,25288,136,464,0,3,38338560,8192,0,0,0,0
51615,-1,Azeritbergbau,,31961,67313,0,-1,0,0,0,0,0,0,0,0,0,0,25273,151,464,0,3,272171008,0,0,0,0,0
51616,6130900294268439629,Die letzte Ruhe,,31962,55564,0,-1,0,0,0,0,0,0,0,0,0,0,25293,109,464,0,3,37289984,0,0,0,0,0
51617,-1,Azeritermächtigung,,31963,55564,0,-1,0,0,0,0,0,0,0,0,0,0,25291,151,464,0,3,3735552,0,0,0,0,0
51618,-1,Azeritwahn,,31964,55564,0,-1,0,0,0,0,0,0,0,0,0,0,25290,151,464,0,3,7929856,8192,0,0,0,0
51619,6130900294268439629,Ab in die Falle,,31965,55564,0,-1,0,0,0,0,0,0,0,0,0,0,25441,109,464,0,3,34144256,0,0,0,0,0
51620,6130900294268439629,Rohstoffe,,31966,55564,0,-1,0,0,0,0,0,0,0,0,0,0,25442,109,464,0,3,37289984,0,0,0,0,0
51621,6130900294268439629,Gezeitenlehren,,33435,55564,0,-1,0,0,0,0,0,0,0,0,0,0,25296,109,464,0,3,38338560,8192,0,0,0,0
51622,-6184943489809468494,Gezeitenlehren,,31967,55564,0,-1,0,0,0,0,0,0,0,0,0,0,25298,109,464,0,3,38338560,8192,0,0,0,0
51623,-1,Azeritwunden,,31968,55564,0,-1,0,0,0,0,0,0,0,0,0,0,25289,151,464,0,3,7929856,8192,0,0,0,0
51625,-1,Panzerspiel,,31970,55564,0,-1,0,0,0,0,0,0,0,0,0,0,25300,152,464,0,3,-2110193408,0,0,0,0,0
51626,-1,Panzerspiel,,31971,55564,0,-1,0,0,0,0,0,0,0,0,0,0,25301,152,464,0,3,-2110193408,0,0,0,0,0
51627,-1,Panzerspiel,,31972,55564,0,-1,0,0,0,0,0,0,0,0,0,0,25302,152,464,0,3,-2110193408,0,0,0,0,0
51628,-1,Panzerspiel,,31973,55564,0,-1,0,0,0,0,0,0,0,0,0,0,25303,152,464,0,3,-2110193408,0,0,0,0,0
51629,-1,Panzerspiel,,31974,67936,0,-1,0,0,0,0,0,0,0,0,0,0,25304,152,464,0,3,-2105999104,8192,0,0,0,0
51630,-1,Panzerspiel,,31975,55564,0,-1,0,0,0,0,0,0,0,0,0,0,25305,152,464,0,3,-2110193408,0,0,0,0,0
51631,-1,Na'logo muss wandern,,31976,55564,0,-1,0,0,0,0,0,0,0,0,0,0,25306,152,464,0,3,-2110193408,0,0,0,0,0
51632,-1,Na'logo muss wandern,,31977,66774,0,-1,0,0,0,0,0,0,0,0,0,0,25307,152,464,0,3,-2110193408,0,0,0,0,0
51633,-1,Na'logo muss wandern,,31978,55564,0,-1,0,0,0,0,0,0,0,0,0,0,25308,152,464,0,3,-2110193408,0,0,0,0,0
51634,-1,Na'logo muss wandern,,31979,55564,0,-1,0,0,0,0,0,0,0,0,0,0,25309,152,464,0,3,-2110193408,0,0,0,0,0
51635,-1,Na'logo muss wandern,,31980,55564,0,-1,0,0,0,0,0,0,0,0,0,0,25310,152,464,0,3,-2105999104,8192,0,0,0,0
51636,-1,Na'logo muss wandern,,31981,55564,0,-1,0,0,0,0,0,0,0,0,0,0,25311,152,464,0,3,-2110193408,0,0,0,0,0
51637,-1,Brückenkopf,,31982,55564,0,-1,0,0,0,0,0,0,0,0,0,0,25312,152,464,0,3,-2110193408,0,0,0,0,0
51638,-1,Brückenkopf,,31983,55564,0,-1,0,0,0,0,0,0,0,0,0,0,25313,152,464,0,3,-2110193408,0,0,0,0,0
51639,-1,Brückenkopf,,31984,55564,0,-1,0,0,0,0,0,0,0,0,0,0,25314,152,464,0,3,-2110193408,8192,0,0,0,0
51640,-1,Brückenkopf,,31985,67269,0,-1,0,0,0,0,0,0,0,0,0,0,25315,152,464,0,3,-2110193408,0,0,0,0,0
51641,-1,Brückenkopf,,31986,55564,0,-1,0,0,0,0,0,0,0,0,0,0,25316,152,464,0,3,-2110193408,0,0,0,0,0
51642,-1,Brückenkopf,,31987,55564,0,-1,0,0,0,0,0,0,0,0,0,0,25317,152,464,0,3,-2110193408,0,0,0,0,0
51644,-1,Azeritbergbau,,31989,55564,0,-1,0,0,0,0,0,0,0,0,0,0,25292,151,464,0,3,272171008,0,0,0,0,0
51646,-6184943489809468494,Polly will einen Keks?,,30649,55564,0,-1,0,0,0,0,0,0,0,0,0,154878,25319,109,464,0,3,38338560,8192,0,0,0,0
51647,-6184943489809468494,Mannschaften von Freihafen,,33432,55564,0,-1,0,0,0,0,0,0,0,0,0,0,25320,109,464,0,3,4784128,8193,0,0,0,0
51651,-1,Krächz,,31993,55564,0,-1,0,0,0,0,0,0,0,0,0,0,25321,135,464,0,3,38338624,8192,0,0,0,0
51652,-1,Kneipenwirt Willy,,31994,55564,0,-1,0,0,0,0,0,0,0,0,0,0,25324,135,464,0,3,38338624,8192,0,0,0,0
51653,-1,Auditor Dolp,,31995,55564,0,-1,0,0,0,0,0,0,0,0,0,0,25325,135,464,0,3,38338624,8192,0,0,0,0
51654,-1,Schmuddelschnabel,,31996,55564,0,-1,0,0,0,0,0,0,0,0,0,0,25326,135,464,0,3,38338624,8192,0,0,0,0
51655,-1,Teres,,31997,55564,0,-1,0,0,0,0,0,0,0,0,0,0,25330,135,464,0,3,38338624,8192,0,0,0,0
51656,-1,Sauroliskenzähmer Mugg,,31998,55564,0,-1,0,0,0,0,0,0,0,0,0,0,25339,135,464,0,3,38338624,8192,0,0,0,0
51657,-1,Doppelherzkonstrukt,,31999,55564,0,-1,0,0,0,0,0,0,0,0,0,0,25340,135,464,0,3,38338624,8192,0,0,0,0
51658,6130900294268439629,Ausgebüxt!,,32000,55564,0,-1,0,0,0,0,0,0,0,0,0,0,25347,109,464,0,3,34144256,0,0,0,0,0
51659,-1,Merianae,,32001,55564,0,-1,0,0,0,0,0,0,0,0,0,0,25341,135,464,0,3,38338624,8192,0,0,0,0
51660,-1,Rudelführer Asenya,,32002,55564,0,-1,0,0,0,0,0,0,0,0,0,0,25342,135,464,0,3,38338624,8192,0,0,0,0
51661,-1,Tosender Strom,,32003,55564,0,-1,0,0,0,0,0,0,0,0,0,0,25343,135,464,0,3,38338624,8192,0,0,0,0
51662,-1,Himmelsschrecken der Fuchsbauwaldung,,32004,55564,0,-1,0,0,0,0,0,0,0,0,0,0,25344,135,464,0,3,38338624,8192,0,0,0,0
51664,-1,Kulett die Störrische,,32006,55564,0,-1,0,0,0,0,0,0,0,0,0,0,25345,135,464,0,3,38338624,8192,0,0,0,0
51665,-1,Brutmutter Razora,,32007,55564,0,-1,0,0,0,0,0,0,0,0,0,0,25346,135,464,0,3,38338624,8192,0,0,0,0
51666,-1,Baschmu,,32008,55564,0,-1,0,0,0,0,0,0,0,0,0,0,25348,135,464,0,3,38338624,8192,0,0,0,0
51667,6130900294268439629,Ein Vogel muss frei sein,,32009,55564,0,-1,0,0,0,0,0,0,0,0,0,157845,25352,109,464,0,3,34275328,0,0,0,0,0
51669,-1,Der schwarzäugige Bartholomäus,,32011,55564,0,-1,0,0,0,0,0,0,0,0,0,0,25349,135,464,0,3,38338624,8192,0,0,0,0
51670,-1,Greifholzwächter,,32012,55564,0,-1,0,0,0,0,0,0,0,0,0,0,25350,135,464,0,3,38338624,8192,0,0,0,0
51671,-6184943489809468494,Ziegenbockbarbier,,33434,70114,0,-1,0,0,0,0,0,0,0,0,0,153596,25351,109,464,0,3,34144256,0,0,0,0,0
51672,6130900294268439629,Verworrene Netze,,32013,55564,0,-1,0,0,0,0,0,0,0,0,0,0,25353,109,464,0,3,34144256,0,0,0,0,0
51676,6130900294268439629,Weil ich ein Möwchen bin,,32018,55564,0,-1,0,0,0,0,0,0,0,0,0,0,25369,109,464,0,3,34144256,0,0,0,0,0
51681,6130900294268439629,Einfache Hexe,,32023,55564,0,-1,0,0,0,0,0,0,0,0,0,0,25372,109,464,0,3,34144256,0,0,0,0,0
51682,6130900294268439629,Dutzende Hexen,,33437,55564,0,-1,0,0,0,0,0,0,0,0,0,0,25370,109,464,0,3,38338560,8192,0,0,0,0
51683,6130900294268439629,Brandrodungsstrategie,,32025,55564,0,-1,0,0,0,0,0,0,0,0,0,0,25375,109,464,0,3,34144256,0,0,0,0,0
51686,6130900294268439629,Wo sind meine Hexen?,,32028,55564,0,-1,5,0,0,0,0,0,0,0,0,0,25376,109,464,0,3,38338560,0,0,0,0,0
51687,6130900294268439629,Eine stinkende Lösung,,33438,55564,0,-1,0,0,0,0,0,0,0,0,0,160557,25377,109,464,0,3,38338560,8192,0,0,0,0
51689,-6184943489809468494,Tortollanerrettung,,32030,61475,0,-1,0,0,0,0,0,0,0,0,0,0,0,0,1403,0,3,34144256,0,32768,0,0,0
51690,6130900294268439629,Die Schatten von Korlach,,32032,55564,0,-1,0,0,0,0,0,0,0,0,0,0,25420,109,464,0,3,38338560,8192,0,0,0,0
51693,6130900294268439629,Abfangen der Eisenflut,,32034,55564,0,-1,0,0,0,0,0,0,0,0,0,0,25385,109,464,0,3,38338624,0,0,0,0,0
51694,6130900294268439629,Welche Hexe?,,32035,55564,0,-1,0,0,0,0,0,0,0,0,0,160571,25392,109,464,0,3,38338560,0,0,0,0,0
51697,6130900294268439629,Die Jagd nach Trüffeljägern,,32038,55564,0,-1,0,0,0,0,0,0,0,0,0,0,25391,109,464,0,3,38338560,0,0,0,0,0
51699,-1,Verseuchte Monstrosität,,32040,55564,0,-1,0,0,0,0,0,0,0,0,0,0,25518,136,464,0,3,34144256,0,0,0,0,0
51706,6130900294268439629,Totes Holz,,32047,55564,0,-1,0,0,0,0,0,0,0,0,0,0,25397,109,464,0,3,41484288,8192,0,0,0,0
51707,6130900294268439629,Wertvoller als Gold,,32048,55564,0,-1,0,0,0,0,0,0,0,0,0,0,25396,109,464,0,3,38338560,0,0,0,0,0
51709,6130900294268439629,Ein Dorn im Auge,,33440,55564,0,-1,0,0,0,0,0,0,0,0,0,0,25402,109,464,0,3,38338624,0,0,0,0,0
51710,6130900294268439629,Aufstand der Yetis,,33441,55564,0,-1,0,0,0,0,0,0,0,0,0,0,25403,109,464,0,3,38338560,0,0,0,0,0
51719,-6184943489809468494,Das darf es nicht gleven,,32058,55564,0,-1,0,0,0,0,0,0,0,0,0,0,25405,109,464,0,3,34144256,0,0,0,0,0
51727,-6184943489809468494,Dunkeleisen im Visier,,32066,55564,0,-1,0,0,0,0,0,0,0,0,0,0,25410,109,464,0,3,38338560,8192,0,0,0,0
51737,-6184943489809468494,Braunbärgebräu,,30845,55564,0,-1,1,0,0,0,0,0,0,0,0,0,25411,109,464,0,3,3735552,0,0,0,0,0
51738,-6184943489809468494,Dutzende Hexen,,32024,55564,0,-1,0,0,0,0,0,0,0,0,0,0,25412,109,464,0,3,38338560,8192,0,0,0,0
51739,-6184943489809468494,Aufstand der Yetis,,32051,55564,0,-1,0,0,0,0,0,0,0,0,0,0,25445,109,464,0,3,38338560,0,0,0,0,0
51740,-6184943489809468494,Die Jagd nach Trüffeljägern,,32038,55564,0,-1,0,0,0,0,0,0,0,0,0,0,25391,109,464,0,3,38338560,0,0,0,0,0
51741,-6184943489809468494,Ein Dorn im Auge,,32050,55564,0,-1,0,0,0,0,0,0,0,0,0,0,25415,109,464,0,3,38338624,0,0,0,0,0
51742,-6184943489809468494,Abfangen der Eisenflut,,33439,55564,0,-1,0,0,0,0,0,0,0,0,0,0,25416,109,464,0,3,38338624,0,0,0,0,0
51743,-6184943489809468494,Wertvoller als Gold,,32048,67266,0,-1,0,0,0,0,0,0,0,0,0,0,25396,109,464,0,3,38338560,0,0,0,0,0
51745,-6184943489809468494,Eine stinkende Lösung,,32029,55564,0,-1,0,0,0,0,0,0,0,0,0,160557,25418,109,464,0,3,38338560,8192,0,0,0,0
51746,-6184943489809468494,Die Schatten von Korlach,,32032,55564,0,-1,0,0,0,0,0,0,0,0,0,0,25420,109,464,0,3,38338560,8192,0,0,0,0
51747,-6184943489809468494,Frühzeitige Warnung,,32076,55564,0,-1,1,0,0,0,0,0,0,0,0,0,25424,109,464,0,3,3735552,0,0,0,0,0
51754,-6184943489809468494,Zähe Hunde,,32083,55564,0,-1,0,0,0,0,0,0,0,0,0,0,25425,109,464,0,3,38338560,8192,0,0,0,0
51758,6130900294268439629,Waffenlieferung,,32087,55564,0,-1,0,0,0,0,0,0,0,0,0,0,25388,109,464,0,3,34144256,0,0,0,0,0
51759,-1,Seebrecher Skoloth,,32088,55564,0,-1,0,0,0,0,0,0,0,0,0,0,25433,135,464,0,3,41484352,8192,0,0,0,0
51760,6130900294268439629,Fressattacke der Ranishu,,32089,55564,0,-1,0,0,0,0,0,0,0,0,0,0,25434,109,464,0,3,38338816,8192,0,0,0,0
51761,-6184943489809468494,Vertraute Feinde,,31939,55564,0,-1,0,0,0,0,0,0,0,0,0,0,25437,109,464,0,3,34144256,0,0,0,0,0
51763,-6184943489809468494,Rettung von Zem'lan,,32091,55564,0,-1,0,0,0,0,0,0,0,0,0,0,25438,109,464,0,3,34144512,0,0,0,0,0
51764,-6184943489809468494,Gejagte Jäger,,31954,55564,0,-1,0,0,0,0,0,0,0,0,0,0,25514,109,464,0,3,34144320,0,0,0,0,0
51765,-6184943489809468494,Verworrene Netze,,33436,55564,0,-1,0,0,0,0,0,0,0,0,0,0,25440,109,464,0,3,34144256,0,0,0,0,0
51767,-6184943489809468494,Ab in die Falle,,31965,55564,0,-1,0,0,0,0,0,0,0,0,0,0,25441,109,464,0,3,34144256,0,0,0,0,0
51768,-6184943489809468494,Rohstoffe,,31966,55564,0,-1,0,0,0,0,0,0,0,0,0,0,25442,109,464,0,3,37289984,0,0,0,0,0
51769,-6184943489809468494,Weil ich ein Möwchen bin,,32018,55564,0,-1,0,0,0,0,0,0,0,0,0,0,25369,109,464,0,3,34144256,0,0,0,0,0
51774,-1,Ragna,,32097,55564,0,-1,0,0,0,0,0,0,0,0,0,0,25447,135,464,0,3,41484352,8192,0,0,0,0
51776,-1,Orkansturm,,32099,55564,0,-1,0,0,0,0,0,0,0,0,0,0,25448,135,464,0,3,41484352,8192,0,0,0,0
51777,-1,Dagrus der Verachtete,,32100,68611,0,-1,0,0,0,0,0,0,0,0,0,0,25449,135,464,0,3,41484352,8192,0,0,0,0
51778,-1,Tiefzahn,,32101,55564,0,-1,0,0,0,0,0,0,0,0,0,0,25452,135,464,0,3,41484352,8192,0,0,0,0
51779,-1,Zorngroll der Mümmlermalmer,,32103,55564,0,-1,0,0,0,0,0,0,0,0,0,0,25451,135,464,0,3,41484352,8192,0,0,0,0
51780,-6184943489809468494,Abendessen für Dolly und Dot,,32104,55564,0,-1,0,0,0,0,0,0,0,0,0,0,25453,109,464,0,3,34144256,8192,0,0,0,0
51781,-1,Vorarbeiter Zettel,,32105,55564,0,-1,0,0,0,0,0,0,0,0,0,0,25455,135,464,0,3,41484352,8192,0,0,0,0
51782,-1,Hauptmann Klingenstachel,,32106,55564,0,-1,0,0,0,0,0,0,0,0,0,0,25456,135,464,0,3,41484352,8192,0,0,0,0
51783,6130900294268439629,Rettung von Zem'lan,,32107,67933,0,-1,0,0,0,0,0,0,0,0,0,0,25454,109,464,0,3,34144512,0,0,0,0,0
51791,-6184943489809468494,Blasentotemtest,,33443,55564,0,-1,0,0,0,0,0,0,0,0,0,0,25464,109,464,0,3,34275584,8192,0,0,0,0
51792,-6184943489809468494,Eruptionstotemtest,,32116,55564,0,-1,0,0,0,0,0,0,0,0,0,0,25465,109,464,0,3,34144512,8192,0,0,0,0
51793,6130900294268439629,Blasentotemtest,,33442,55564,0,-1,0,0,0,0,0,0,0,0,0,0,25466,109,464,0,3,34144512,8192,0,0,0,0
51794,6130900294268439629,Eruptionstotemtest,,32115,55564,0,-1,0,0,0,0,0,0,0,0,0,0,25467,109,464,0,3,34144512,8192,0,0,0,0
51804,6130900294268439629,Fortgesetzte Einmischung,,32125,55564,0,-1,0,0,0,0,0,0,0,0,0,0,25471,109,464,0,3,34144256,8192,0,0,0,0
51806,-1,Schädlingsbekämpfer MK. II,,32127,55564,0,-1,0,0,0,0,0,0,0,0,0,0,25481,136,464,0,3,37289984,0,0,0,0,0
51811,-6184943489809468494,Gefangene Tortollaner,,32132,55564,0,-1,0,0,0,0,0,0,0,0,0,0,25488,109,464,0,3,38338560,8192,0,0,0,0
51814,6130900294268439629,Gravierende Bedrohung,,32134,55564,0,-1,0,0,0,0,0,0,0,0,0,0,25485,109,464,0,3,38338816,0,0,0,0,0
51815,6130900294268439629,Eierausrottung,,32135,55564,0,-1,0,0,0,0,0,0,0,0,0,0,25486,109,464,0,3,38338816,0,0,0,0,0
51816,6130900294268439629,Zutatenpterror,,32136,55564,0,-1,0,0,0,0,0,0,0,0,0,0,25487,109,464,0,3,38338816,0,0,0,0,0
51817,6130900294268439629,Gefangene Tortollaner,,32157,70823,0,-1,0,0,0,0,0,0,0,0,0,0,25489,109,464,0,3,38338560,8192,0,0,0,0
51820,6130900294268439629,Ölige Sauerei,,32140,55564,0,-1,0,0,0,0,0,0,0,0,0,0,25492,109,464,0,3,38338624,8192,0,0,0,0
51821,6130900294268439629,Ordnung in der Bucht,,32141,55564,0,-1,0,0,0,0,0,0,0,0,0,0,25482,109,464,0,3,38338560,8192,0,0,0,0
51822,6130900294268439629,Schriftrollen und Schuppen,,32142,70810,0,-1,0,0,0,0,0,0,0,0,0,0,25493,109,464,0,3,38338560,8192,0,0,0,0
51824,6130900294268439629,Bodenständig,,32143,55564,0,-1,0,0,0,0,0,0,0,0,0,0,25494,109,464,0,3,38338560,8192,0,0,0,0
51827,-6184943489809468494,Sie kamen von hinten!,,32144,55564,0,-1,0,0,0,0,0,0,0,0,0,160739,25468,109,464,0,3,38338560,8192,0,0,0,0
51828,-6184943489809468494,Die Legion niederbrennen,,32145,55564,0,-1,0,0,0,0,0,0,0,0,0,0,25495,109,464,0,3,38338560,8192,0,0,0,0
51831,6130900294268439629,Schnelle Offensive,,32148,55564,0,-1,0,0,0,0,0,0,0,0,0,0,25521,109,464,0,3,38338560,8192,0,0,0,0
51832,-6184943489809468494,Um den heißen Brei,,32149,55564,0,-1,0,0,0,0,0,0,0,0,0,0,25497,109,464,0,3,34144256,0,0,0,0,0
51834,6130900294268439629,Keine Verhandlungen,,32151,55564,0,-1,0,0,0,0,0,0,0,0,0,0,25538,109,464,0,3,34144256,8192,0,0,0,0
51836,6130900294268439629,Ressourcen beschaffen,,32153,55564,0,-1,0,0,0,0,0,0,0,0,0,0,25498,109,464,0,3,38338560,8192,0,0,0,0
51839,-1,Squirgel aus der Tiefe,,32155,55564,0,-1,0,0,0,0,0,0,0,0,0,0,25501,135,464,0,3,34144320,0,0,0,0,0
51840,-6184943489809468494,Ölige Sauerei,,32156,55564,0,-1,0,0,0,0,0,0,0,0,0,0,25503,109,464,0,3,38338624,8192,0,0,0,0
51841,-1,Schwarzstich,,32158,55564,0,-1,0,0,0,0,0,0,0,0,0,0,25504,135,464,0,3,34144320,0,0,0,0,0
51842,-1,Carla Schmunzel,,32159,55564,0,-1,0,0,0,0,0,0,0,0,0,0,25505,135,464,0,3,34144320,0,0,0,0,0
51843,-1,P4-N73R4,,32160,55564,0,-1,0,0,0,0,0,0,0,0,0,0,25506,135,464,0,3,34144320,0,0,0,0,0
51844,-1,Gulliver,,32161,55564,0,-1,0,0,0,0,0,0,0,0,0,0,25507,135,464,0,3,34144320,0,0,0,0,0
51847,-1,Krötenkiefer,,32162,55564,0,-1,0,0,0,0,0,0,0,0,0,0,25508,135,464,0,3,34144320,0,0,0,0,0
51848,-1,Kapitän Wintersegel,,32163,55564,0,-1,0,0,0,0,0,0,0,0,0,0,25509,135,464,0,3,34144320,0,0,0,0,0
51849,-1,Tempestria,,32164,55564,0,-1,0,0,0,0,0,0,0,0,0,0,25510,135,464,0,3,34144320,0,0,0,0,0
51850,-6184943489809468494,Schützt die Oase,,32165,55564,0,-1,0,0,0,0,0,0,0,0,0,0,25511,109,464,0,3,34144512,8192,0,0,0,0
51853,6130900294268439629,Schützt die Oase,,32166,55564,0,-1,0,0,0,0,0,0,0,0,0,0,25512,109,464,0,3,34144512,8192,0,0,0,0
51854,6130900294268439629,Ich bin der Hai,,32167,55564,0,-1,0,0,0,0,0,0,0,0,0,0,25513,109,464,0,3,40435712,8192,0,0,0,0
51855,6130900294268439629,Schön ist mein Piratenleben,,32168,55564,0,-1,0,0,0,0,0,0,0,0,0,0,25515,109,464,0,3,38338560,8192,0,0,0,0
51856,-1,Der Tiefenpfuhl: Moderschlund,,32169,55564,0,-1,0,0,0,0,0,0,0,0,0,0,25762,137,464,0,3,35192896,0,2,0,0,0
51874,-1,Vollgefressener Eber,,32174,55564,0,-1,0,0,0,0,0,0,0,0,0,0,25519,135,464,0,3,34144320,0,0,0,0,0
51884,-1,Durchgebrannter Golem,,32184,55564,0,-1,0,0,0,0,0,0,0,0,0,0,25523,135,464,0,3,34144320,0,0,0,0,0
51886,-1,Nad el Kissen,,32186,55564,0,-1,0,0,0,0,0,0,0,0,0,0,25528,135,464,0,3,41484352,8192,0,0,0,0
51887,-1,Fungustrio,,32187,55564,0,-1,0,0,0,0,0,0,0,0,0,0,25527,135,464,0,3,34144320,0,0,0,0,0
51890,-1,"Ranja, die letzte Frostpranke",,32190,55564,0,-1,0,0,0,0,0,0,0,0,0,0,25532,135,464,0,3,34144320,0,0,0,0,0
51891,-1,Sythian der Flinke,,32191,55564,0,-1,0,0,0,0,0,0,0,0,0,0,25533,135,464,0,3,34144320,0,0,0,0,0
51892,-1,Schauderschuppe der Giftige,,32192,55564,0,-1,0,0,0,0,0,0,0,0,0,0,25534,135,464,0,3,34144320,0,0,0,0,0
51893,-1,Sägezahn,,32193,55564,0,-1,0,0,0,0,0,0,0,0,0,0,25535,135,464,0,3,34144320,0,0,0,0,0
51894,-1,Tentulos der Schwebende,,32194,55564,0,-1,0,0,0,0,0,0,0,0,0,0,25536,135,464,0,3,34144320,0,0,0,0,0
51895,-1,Maison der Tragbare,,32195,55564,0,-1,0,0,0,0,0,0,0,0,0,0,25537,135,464,0,3,34144320,0,0,0,0,0
51897,-1,Frostfels,,32197,55564,0,-1,0,0,0,0,0,0,0,0,0,0,25539,135,464,0,3,34144320,0,0,0,0,0
51900,-6184943489809468494,Das Ende der Treulosen,,32200,55564,0,-1,0,0,0,0,0,0,0,0,0,0,25543,109,464,0,3,34144512,8192,0,0,0,0
51901,-1,Molluskelprotz,,32201,55564,0,-1,0,0,0,0,0,0,0,0,0,0,25553,135,464,0,3,41484352,8192,0,0,0,0
51905,-1,Verstärkter Kielbrecher,,32203,55564,0,-1,0,0,0,0,0,0,0,0,0,0,25544,136,464,0,3,37289984,0,0,0,0,0
51906,-1,Schwester Martha,,32204,55564,0,-1,0,0,0,0,0,0,0,0,0,0,25545,135,464,0,3,34144320,0,0,0,0,0
51908,-1,Nimmermehr,,32206,55564,0,-1,0,0,0,0,0,0,0,0,0,0,25547,135,464,0,3,34144320,0,0,0,0,0
51909,-1,Grozgor,,32207,55564,0,-1,0,0,0,0,0,0,0,0,0,0,25548,135,464,0,3,34144320,0,0,0,0,0
51917,-1,Beschol,,32213,55564,0,-1,0,0,0,0,0,0,0,0,0,0,25549,135,464,0,3,34144320,0,0,0,0,0
51919,-1,Emely Maidorf,,32214,55564,0,-1,0,0,0,0,0,0,0,0,0,0,25550,135,464,0,3,34144320,0,0,0,0,0
51920,-1,Baumwollschwänzchenmatrone,,32215,55564,0,-1,0,0,0,0,0,0,0,0,0,0,25551,135,464,0,3,34144320,0,0,0,0,0
51921,-1,Schlickpest,,32216,55564,0,-1,0,0,0,0,0,0,0,0,0,0,25552,135,464,0,3,41484352,8192,0,0,0,0
51924,6130900294268439629,Das Ende der Treulosen,,32200,55564,0,-1,0,0,0,0,0,0,0,0,0,0,25543,109,464,0,3,34144512,8192,0,0,0,0
51925,6130900294268439629,Ohne Anleitung,,32219,55564,0,-1,0,0,0,0,0,0,0,0,0,0,25554,109,464,0,3,34144256,8192,0,0,0,0
51928,6130900294268439629,Ohne Anleitung,,32222,55564,0,-1,0,0,0,0,0,0,0,0,0,0,25555,109,464,0,3,34144256,8192,0,0,0,0
51931,6130900294268439629,Ohne Anleitung,,32225,55564,0,-1,0,0,0,0,0,0,0,0,0,0,25556,109,464,0,3,34144256,8192,0,0,0,0
51933,6130900294268439629,Ohne Anleitung,,32227,55564,0,-1,0,0,0,0,0,0,0,0,0,0,25557,109,464,0,3,34144256,8192,0,0,0,0
51947,-1,Säbeltron,,32241,55564,0,-1,0,0,0,0,0,0,0,0,0,0,25561,135,464,0,3,41484352,8192,0,0,0,0
51948,-6184943489809468494,Schutz bieten,,32242,55564,0,-1,0,0,0,0,0,0,0,0,0,0,25558,109,464,0,3,38338560,8192,0,0,0,0
51957,-6184943489809468494,Vorriks Zorn,,32251,55564,0,-1,0,0,0,0,0,0,0,0,0,0,25562,109,464,0,3,40435968,8192,0,0,0,0
51963,6130900294268439629,Vorriks Zorn,,32255,55564,0,-1,0,0,0,0,0,0,0,0,0,0,25563,109,464,0,3,40435968,8192,0,0,0,0
51970,-1,Der Zuckerbäcker,,32259,55564,0,-1,0,0,0,0,0,0,0,0,0,0,25566,135,464,0,3,34144320,0,0,0,0,0
51972,-1,Verirrte Ziege,,32260,55564,0,-1,0,0,0,0,0,0,0,0,0,0,25567,135,464,0,3,34144256,0,0,0,0,0
51974,-1,Säbeltron,,32262,55564,0,-1,0,0,0,0,0,0,0,0,0,0,25573,135,464,0,3,41484352,8192,0,0,0,0
51976,-1,Säbeltron,,32264,55564,0,-1,0,0,0,0,0,0,0,0,0,0,25572,135,464,0,3,41484352,8192,0,0,0,0
51977,-1,Säbeltron,,32265,55564,0,-1,0,0,0,0,0,0,0,0,0,0,25570,135,464,0,3,41484352,8192,0,0,0,0
51978,-1,Säbeltron,,32266,55564,0,-1,0,0,0,0,0,0,0,0,0,0,25571,135,464,0,3,41484352,8192,0,0,0,0
51981,6130900294268439629,Heimstatt des Erdenrufers,,32269,55564,0,-1,0,0,0,0,0,0,0,0,0,0,25579,109,464,0,3,38338560,8192,0,0,0,0
51983,-6184943489809468494,Vorriks Vergeltung,,33444,55564,0,-1,0,0,0,0,0,0,0,0,0,0,25578,109,464,0,3,38338816,8192,0,0,0,0
51988,-1,"Whitney ""Stahlklaue"" Ramsay",,32276,55564,0,-1,0,0,0,0,0,0,0,0,0,0,25583,135,464,0,3,34144320,0,0,0,0,0
51989,-1,Braedan Weißwall,,32277,55564,0,-1,0,0,0,0,0,0,0,0,0,0,25584,135,464,0,3,34144320,0,0,0,0,0
51995,6130900294268439629,Vorriks Vergeltung,,32271,55564,0,-1,0,0,0,0,0,0,0,0,0,0,25580,109,464,0,3,38338816,8192,0,0,0,0
51996,-6184943489809468494,Heimstatt des Erdenrufers,,32280,55564,0,-1,0,0,0,0,0,0,0,0,0,0,25592,109,464,0,3,38338560,8192,0,0,0,0
51997,-6184943489809468494,Da versinkt sie,,32281,55564,0,-1,0,0,0,0,0,0,0,0,0,0,25591,109,464,0,3,38338816,8192,0,0,0,0
52004,-6184943489809468494,Gegenspionage,,32288,55564,0,-1,0,0,0,0,0,0,0,0,0,0,25593,109,464,0,3,38338560,8192,0,0,0,0
52006,-6184943489809468494,Präventivschlag,,32290,55564,0,-1,0,0,0,0,0,0,0,0,0,0,24646,109,464,0,3,38338560,8192,0,0,0,0
52007,-6184943489809468494,Kriegsmaschinen,,32291,55564,0,-1,0,0,0,0,0,0,0,0,0,160988,25606,109,464,0,3,38338560,8192,0,0,0,0
52009,-1,Krabbenvolk,,32293,55564,0,-1,0,0,0,0,0,0,0,0,0,0,25613,115,464,0,3,3735808,0,0,0,0,0
52010,6130900294268439629,Die Flut des Schicksals,,33445,55564,0,-1,0,0,0,0,0,0,0,0,0,0,25612,109,464,0,3,38338560,8192,0,0,0,0
52011,6130900294268439629,Teuflische Felder,,33446,55564,0,-1,0,0,0,0,0,0,0,0,0,0,25619,109,464,0,3,40435712,8192,0,0,0,0
52045,6130900294268439629,Eberpatrouille,,33447,55564,0,-1,0,0,0,0,0,0,0,0,0,0,25631,109,464,0,3,40435712,8192,0,0,0,0
52047,6130900294268439629,Gegen den Sturm,,32317,55564,0,-1,0,0,0,0,0,0,0,0,0,0,25644,109,464,0,3,38338560,8192,0,0,0,0
52054,6130900294268439629,Saubäre Arbeit,,32322,55564,0,-1,0,0,0,0,0,0,0,0,0,0,28007,109,464,0,3,38338560,8192,0,0,0,0
52056,-6184943489809468494,Die Flut des Schicksals,,32294,55564,0,-1,0,0,0,0,0,0,0,0,0,0,25643,109,464,0,3,38338560,8192,0,0,0,0
52057,-6184943489809468494,Gegen den Sturm,,32317,55564,0,-1,0,0,0,0,0,0,0,0,0,0,25644,109,464,0,3,38338560,8192,0,0,0,0
52059,6130900294268439629,Da versinkt sie,,32324,55564,0,-1,0,0,0,0,0,0,0,0,0,0,25635,109,464,0,3,38338816,8192,0,0,0,0
52063,-6184943489809468494,Eberpatrouille,,32316,55564,0,-1,0,0,0,0,0,0,0,0,0,0,25648,109,464,0,3,40435712,8192,0,0,0,0
52064,-6184943489809468494,Teuflische Felder,,32295,55564,0,-1,0,0,0,0,0,0,0,0,0,0,25653,109,464,0,3,40435712,8192,0,0,0,0
52071,6130900294268439629,Hinter dem Borstenrücken,,32333,55564,0,-1,0,0,0,0,0,0,0,0,0,0,25666,109,464,0,3,38338560,8192,0,0,0,0
52115,-6184943489809468494,Im Schatten des Kraken,,32340,55564,0,-1,0,0,0,0,0,0,0,0,0,0,25697,109,464,0,3,38338560,8192,0,0,0,0
52117,-6184943489809468494,Hinter dem Borstenrücken,,32333,55564,0,-1,0,0,0,0,0,0,0,0,0,0,25666,109,464,0,3,38338560,8192,0,0,0,0
52119,-6184943489809468494,Goblinazeritextraktion,,32343,55564,0,-1,0,0,0,0,0,0,0,0,0,0,25702,109,464,0,3,34144256,0,0,0,0,0
52120,6130900294268439629,Gnomenazeritextraktion,,32344,55564,0,-1,0,0,0,0,0,0,0,0,0,0,25710,109,464,0,3,34144256,0,0,0,0,0
52124,-6184943489809468494,Des anderen Leid,,32348,55564,0,-1,0,0,0,0,0,0,0,0,0,0,25718,109,464,0,3,34144256,0,0,0,0,0
52126,-1,"Ich glaub, mein Schwein beißt",,32350,55564,0,-1,0,0,0,0,0,0,0,0,0,0,25719,115,464,0,3,3735808,0,0,0,0,0
52133,6130900294268439629,Guter Junge!,,32357,55564,0,-1,0,0,0,0,0,0,0,0,0,0,25738,109,464,0,3,39387136,8192,0,0,0,0
52140,6130900294268439629,Ein dorniges Problem,,32364,55564,0,-1,0,0,0,0,0,0,0,0,0,0,25791,109,464,0,3,38338560,8192,0,0,0,0
52142,6130900294268439629,Vorräte auffüllen,,32366,55564,0,-1,0,0,0,0,0,0,0,0,0,0,25750,109,464,0,3,34144256,0,0,0,0,0
52143,6130900294268439629,Kleinere Knechte,,32367,55564,0,-1,0,0,0,0,0,0,0,0,0,0,26374,109,464,0,3,38338560,8192,0,0,0,0
52144,6130900294268439629,Kernschmelze in der Gießerei,,32368,55564,0,-1,0,0,0,0,0,0,0,0,0,0,26377,109,464,0,3,34144256,0,0,0,0,0
52145,6130900294268439629,Hau-Ruck!,,32369,69433,0,-1,0,0,0,0,0,0,0,0,0,0,26399,109,464,0,3,39387136,0,0,0,0,0
52155,6130900294268439629,Schätze der Gezeiten,,32380,55564,0,-1,0,0,0,0,0,0,0,0,0,0,26378,109,464,0,3,34144256,0,0,0,0,0
52157,-1,Eine schaurige Begegnung,,32382,62193,0,-1,0,0,0,0,0,0,0,0,0,0,25749,112,464,0,3,37290304,0,0,0,0,0
52159,6130900294268439629,Schrubbt das!,,33448,55564,0,-1,0,0,0,0,0,0,0,0,0,0,26396,109,464,0,3,38338560,8192,0,0,0,0
52160,-6184943489809468494,Vorräte auffüllen,,32366,55564,0,-1,0,0,0,0,0,0,0,0,0,0,25750,109,464,0,3,34144256,0,0,0,0,0
52162,-1,Tracking Quest,,32386,0,0,-1,0,0,0,0,0,0,0,0,0,0,0,0,464,0,3,33588224,0,0,0,0,0
52163,-1,Der geflügelte Taifun,,32387,62193,0,-1,0,0,0,0,0,0,0,0,0,0,25760,112,464,0,3,37290048,0,0,0,0,0
52164,6130900294268439629,Rum-Gepolter!,,32388,55564,0,-1,0,0,0,0,0,0,0,0,0,0,25752,109,464,0,3,38338560,8192,0,0,0,0
52165,-1,Automatisiertes Chaos,,32389,55564,0,-1,0,0,0,0,0,0,0,0,0,0,25753,115,464,0,3,3735808,0,0,0,0,0
52166,-1,Der gesichtslose Herold,,32390,62193,0,-1,0,0,0,0,0,0,0,0,0,0,25739,112,464,0,3,34144320,0,0,0,0,0
52167,6130900294268439629,Räuberungsaktion,,32391,55564,0,-1,0,0,0,0,0,0,0,0,0,0,26385,109,464,0,3,4784192,8192,0,0,0,0
52168,6130900294268439629,Heiße Nummer,,32392,64064,0,-1,0,0,0,0,0,0,0,0,0,0,25756,109,464,0,3,34144256,0,0,0,0,0
52169,-1,Die Matriarchin,,32394,62193,0,-1,0,0,0,0,0,0,0,0,0,0,25761,112,464,0,3,34144576,0,0,0,0,0
52174,6130900294268439629,Schlangen in den Untiefen,,32399,55564,0,-1,0,0,0,0,0,0,0,0,0,0,25766,109,464,0,3,38338560,8192,0,0,0,0
52179,6130900294268439629,Verstärkter Widerstand,,32402,55564,0,-1,0,0,0,0,0,0,0,0,0,0,25767,109,464,0,3,38338560,8192,0,0,0,0
52180,6130900294268439629,Eine verbrennadammte Schande,,32403,64064,0,-1,0,0,0,0,0,0,0,0,0,0,25768,109,464,0,3,34144256,0,0,0,0,0
52181,-1,Rauch und Schatten,,32404,67111,0,-1,0,0,0,0,0,0,0,0,0,0,24506,112,464,0,3,34144576,0,0,0,0,0
52182,-6184943489809468494,Azerit muss mit,,32405,62340,0,-1,0,0,0,0,0,0,0,0,0,0,26084,109,288,0,3,41484288,8192,0,0,0,0
52196,-1,Knochen im Sand,,32419,62193,0,-1,0,0,0,0,0,0,0,0,0,0,25772,112,464,0,3,589888,0,0,0,0,0
52198,6130900294268439629,Tank und Zank,,32421,64064,0,-1,0,0,0,0,0,0,0,0,0,0,25779,109,464,0,3,36241408,0,0,0,0,0
52199,-6184943489809468494,Rum-Gepolter!,,32422,55564,0,-1,0,0,0,0,0,0,0,0,0,0,25780,109,464,0,3,38338560,8192,0,0,0,0
52200,6130900294268439629,Schildkrötentaktiken,,32423,55564,0,-1,0,0,0,0,0,0,0,0,0,0,25781,109,464,0,3,39387136,8192,0,0,0,0
52207,6130900294268439629,Azerit muss mit,,32427,62340,0,-1,0,0,0,0,0,0,0,0,0,0,26100,109,288,0,3,41484288,8192,0,0,0,0
52209,-6184943489809468494,Schildkrötentaktiken,,32429,55564,0,-1,0,0,0,0,0,0,0,0,0,0,25784,109,464,0,3,39387136,8192,0,0,0,0
52211,6130900294268439629,Roter Sonnenaufgang,,32448,55564,0,-1,0,0,0,0,0,0,0,0,0,0,25637,109,464,0,3,38338560,8192,0,0,0,0
52218,-1,Nachtmahre,,32438,55564,0,-1,0,0,0,0,0,0,0,0,0,0,25786,115,464,0,3,3735808,0,0,0,0,0
52229,-6184943489809468494,Saubäre Arbeit,,32450,55564,0,-1,0,0,0,0,0,0,0,0,0,0,25788,109,464,0,3,38338560,8192,0,0,0,0
52230,6130900294268439629,Fehlendes Kleingeld,,32451,55564,0,-1,0,0,0,0,0,0,0,0,0,158226,25789,109,464,0,3,38338560,8192,0,0,0,0
52236,-6184943489809468494,Ein dorniges Problem,,32364,55564,0,-1,0,0,0,0,0,0,0,0,0,0,25791,109,464,0,3,38338560,8192,0,0,0,0
52237,-1,Der Tiefenpfuhl: Ruheloser Schrecken,,32453,55564,0,-1,0,0,0,0,0,0,0,0,0,0,25763,137,464,0,3,34144320,0,2,0,0,0
52238,-1,Der Tiefenpfuhl: Mysteriöse Sporen,,32454,55564,0,-1,0,0,0,0,0,0,0,0,0,0,25764,137,464,0,3,34144256,0,2,0,0,0
52239,-6184943489809468494,Fehlendes Kleingeld,,32455,55564,0,-1,0,0,0,0,0,0,0,0,0,158226,25792,109,464,0,3,38338560,8192,0,0,0,0
52243,-6184943489809468494,Treibstoff für die Verwüster,,32459,62340,0,-1,0,0,0,0,0,0,0,0,0,0,26087,109,288,0,3,41484288,8192,0,0,0,0
52244,6130900294268439629,Haltet die Bohrungen auf,,32460,62340,0,-1,0,0,0,0,0,0,0,0,0,0,26103,109,288,0,3,41484288,8192,0,0,0,0
52248,-6184943489809468494,Die Küsten von Xibala,,32464,55564,0,-1,0,0,0,0,0,0,0,0,0,0,25797,109,464,0,3,38338560,8192,0,0,0,0
52249,6130900294268439629,Die Küsten von Xibala,,32465,55564,0,-1,0,0,0,0,0,0,0,0,0,0,25798,109,464,0,3,38338560,8192,0,0,0,0
52250,6130900294268439629,Xibala retten,,32466,66138,0,-1,0,0,0,0,0,0,0,0,0,0,25799,109,464,0,3,37289984,0,0,0,0,0
52251,6130900294268439629,Kompromittierte Aufklärung,,32467,55564,0,-1,0,0,0,0,0,0,0,0,0,0,25800,109,464,0,3,38338560,8192,0,0,0,0
52271,6130900294268439629,Mit Meersalzgeschmack,,32485,55564,0,-1,0,0,0,0,0,0,0,0,0,0,25807,109,464,0,3,38338560,8192,0,0,0,0
52278,-1,Abtrünniges Azerit,,32491,67266,0,-1,0,0,0,0,0,0,0,0,0,0,25812,115,464,0,3,3735808,0,0,0,0,0
52280,-6184943489809468494,Mit Meersalzgeschmack,,32493,55564,0,-1,0,0,0,0,0,0,0,0,0,0,25813,109,464,0,3,38338560,8192,0,0,0,0
52295,-1,Das RIESENFLÖZ!!: Elementare als Angestellte,,32507,55564,0,-1,0,0,0,0,0,0,0,0,0,0,25814,137,464,0,3,35192832,0,2,0,0,0
52297,-1,Fleißaufgabe,,32509,55564,0,-1,0,0,0,0,0,0,0,0,0,0,25818,115,464,0,3,3735808,0,0,0,0,0
52298,-1,Das RIESENFLÖZ!!: Die Schläue steckt in seinem Horn!,,32510,55564,0,-1,0,0,0,0,0,0,0,0,0,0,25819,137,464,0,3,35192832,0,2,0,0,0
52299,-1,Peitschenstengel,,32511,55564,0,-1,0,0,0,0,0,0,0,0,0,0,25816,135,464,0,3,41484352,8192,0,0,0,0
52300,-1,Wagga Knurrzahn,,32512,55564,0,-1,0,0,0,0,0,0,0,0,0,0,25820,135,464,0,3,41484352,8192,0,0,0,0
52301,-1,Rankensprecherin Ratha,,32513,55564,0,-1,0,0,0,0,0,0,0,0,0,0,25822,135,464,0,3,41484352,8192,0,0,0,0
52302,-1,Das RIESENFLÖZ!!: Der hat aber echt fette Bomben,,32514,55564,0,-1,0,0,0,0,0,0,0,0,0,0,25823,137,464,0,3,35192832,0,2,0,0,0
52306,-1,Quako,,32518,55564,0,-1,0,0,0,0,0,0,0,0,0,0,25838,135,464,0,3,41484352,8192,0,0,0,0
52307,6130900294268439629,Spirituelle Hilfe,,32519,62340,0,-1,0,0,0,0,0,0,0,0,0,0,26102,109,288,0,3,41484288,8192,0,0,0,0
52309,-1,Sandzahn,,32521,55564,0,-1,0,0,0,0,0,0,0,0,0,0,25839,135,464,0,3,41484352,8192,0,0,0,0
52310,-1,Verderbter Wellenspringer,,32522,55564,0,-1,0,0,0,0,0,0,0,0,0,0,25843,135,464,0,3,41484352,8192,0,0,0,0
52312,-6184943489809468494,Die Lichter löschen,,32524,62340,0,-1,0,0,0,0,0,0,0,0,0,0,26086,109,288,0,3,41484288,8192,0,0,0,0
52315,-1,Severus der Ausgestoßene,,32527,55564,0,-1,0,0,0,0,0,0,0,0,0,0,25844,135,464,0,3,41484352,8192,0,0,0,0
52316,-1,Meerestiere sind seltsam,,32528,55564,0,-1,0,0,0,0,0,0,0,0,0,0,25847,115,464,0,3,3735808,0,0,0,0,0
52321,-1,Treter,,32533,55564,0,-1,0,0,0,0,0,0,0,0,0,0,25854,135,464,0,3,41484352,8192,0,0,0,0
52322,-1,Taja der Gezeitenheuler,,32534,55564,0,-1,0,0,0,0,0,0,0,0,0,0,25857,135,464,0,3,41484352,8192,0,0,0,0
52325,-1,Das gefangene Böse,,32536,55564,0,-1,0,0,0,0,0,0,0,0,0,0,25859,115,464,0,3,3735808,0,0,0,0,0
52328,-1,Eissichel,,32539,55564,0,-1,0,0,0,0,0,0,0,0,0,0,25860,135,464,0,3,41484352,8192,0,0,0,0
52330,-1,Biengetüm,,32541,55564,0,-1,0,0,0,0,0,0,0,0,0,0,25864,136,464,0,3,37289984,0,0,0,0,0
52331,6130900294268439629,Arbeitsauftrag: Demitris Destillat der Täuschung,,32542,55564,0,-1,0,0,0,0,0,2478,1,0,0,0,28105,118,464,0,3,524608,0,2,0,0,0
52332,6130900294268439629,Arbeitsauftrag: Trank der Leichtfüßigkeit,,32543,55564,0,-1,0,0,0,0,0,2478,1,0,0,0,28106,118,464,0,3,524608,0,2,0,0,0
52333,6130900294268439629,Arbeitsauftrag: Meeresnebeltrank,,32544,55564,0,-1,0,0,0,0,0,2478,1,0,0,0,28107,118,464,0,3,524608,0,2,0,0,0
52334,6130900294268439629,Arbeitsauftrag: Trank der Verhüllung,,32545,55564,0,-1,0,0,0,0,0,2478,1,0,0,0,28108,118,464,0,3,524608,0,2,0,0,0
52335,-6184943489809468494,Arbeitsauftrag: Demitris Destillat der Täuschung,,32546,55564,0,-1,0,0,0,0,0,2478,1,0,0,0,28165,118,464,0,3,524608,0,2,0,0,0
52336,-6184943489809468494,Arbeitsauftrag: Trank der Leichtfüßigkeit,,32547,55564,0,-1,0,0,0,0,0,2478,1,0,0,0,28164,118,464,0,3,524608,0,2,0,0,0
52337,-6184943489809468494,Arbeitsauftrag: Meeresnebeltrank,,32548,55564,0,-1,0,0,0,0,0,2478,1,0,0,0,28163,118,464,0,3,524608,0,2,0,0,0
52338,-6184943489809468494,Arbeitsauftrag: Trank der Verhüllung,,32549,55564,0,-1,0,0,0,0,0,2478,1,0,0,0,28162,118,464,0,3,524608,0,2,0,0,0
52339,6130900294268439629,Arbeitsauftrag: Monelitgehärtete Steigbügel,,32550,55564,0,-1,0,0,0,0,0,2437,1,0,0,0,26123,116,464,0,3,524608,0,2,0,0,0
52340,6130900294268439629,Arbeitsauftrag: Monelitgehärtete Hufplatten,,32551,55564,0,-1,0,0,0,0,0,2437,1,0,0,0,26124,116,464,0,3,524608,0,2,0,0,0
52341,-6184943489809468494,Arbeitsauftrag: Monelitgehärtete Steigbügel,,32552,55564,0,-1,0,0,0,0,0,2437,1,0,0,0,26197,116,464,0,3,524608,0,2,0,0,0
52342,-6184943489809468494,Arbeitsauftrag: Monelitgehärtete Hufplatten,,32553,55564,0,-1,0,0,0,0,0,2437,1,0,0,0,26198,116,464,0,3,524608,0,2,0,0,0
52343,-6184943489809468494,Die essen wie Orcs,,32554,62340,0,-1,0,0,0,0,0,0,0,0,0,0,26088,109,288,0,3,41484288,8192,0,0,0,0
52344,-1,Arbeitsauftrag: Kul Tiramisu,,32555,55564,0,-1,0,0,0,0,0,2541,1,0,0,0,28109,131,464,0,3,524608,0,2,0,0,0
52345,-1,Arbeitsauftrag: Rabenbeerkuchen,,32556,55564,0,-1,0,0,0,0,0,2541,1,0,0,0,28110,131,464,0,3,524608,0,2,0,0,0
52346,-1,Arbeitsauftrag: Matrosenpastete,,32557,55564,0,-1,0,0,0,0,0,2541,1,0,0,0,28111,131,464,0,3,524608,0,2,0,0,0
52347,-1,Arbeitsauftrag: Honigglasierte Keule,,32558,55564,0,-1,0,0,0,0,0,2541,1,0,0,0,28112,131,464,0,3,524608,0,2,0,0,0
52348,-1,Arbeitsauftrag: Mon'Dazi,,32559,55564,0,-1,0,0,0,0,0,2541,1,0,0,0,28161,131,464,0,3,524608,0,2,0,0,0
52349,-1,Arbeitsauftrag: Loakuchen,,32560,55564,0,-1,0,0,0,0,0,2541,1,0,0,0,28160,131,464,0,3,524608,0,2,0,0,0
52350,-1,Arbeitsauftrag: Sumpffisch mit Fritten,,32561,55564,0,-1,0,0,0,0,0,2541,1,0,0,0,28159,131,464,0,3,524608,0,2,0,0,0
52351,-1,Arbeitsauftrag: Würziger Schnapper,,32562,55564,0,-1,0,0,0,0,0,2541,1,0,0,0,28158,131,464,0,3,524608,0,2,0,0,0
52352,-1,Zeritarj,,32563,55564,0,-1,0,0,0,0,0,0,0,0,0,0,25765,136,464,0,3,37289984,0,0,0,0,0
52353,6130900294268439629,Arbeitsauftrag: Ring - Siegel des Tempos,,32564,55564,0,-1,0,0,0,0,0,2486,1,0,0,0,28113,123,464,0,3,524608,0,2,0,0,0
52354,6130900294268439629,Arbeitsauftrag: Ring - Siegel der Meisterschaft,,32565,55564,0,-1,0,0,0,0,0,2486,1,0,0,0,28114,123,464,0,3,524608,0,2,0,0,0
52355,6130900294268439629,Arbeitsauftrag: Waffe - Küstenwoge,,32566,55564,0,-1,0,0,0,0,0,2486,1,0,0,0,28115,123,464,0,3,524608,0,2,0,0,0
52356,6130900294268439629,Arbeitsauftrag: Waffe - Strom der Elemente,,32567,55564,0,-1,0,0,0,0,0,2486,1,0,0,0,28116,123,464,0,3,524608,0,2,0,0,0
52357,6130900294268439629,Arbeitsauftrag: Waffe - Schnelle Navigation,,32568,55564,0,-1,0,0,0,0,0,2486,1,0,0,0,28117,123,464,0,3,524608,0,2,0,0,0
52358,-6184943489809468494,Arbeitsauftrag: Ring - Siegel des Tempos,,32569,55564,0,-1,0,0,0,0,0,2486,1,0,0,0,28157,123,464,0,3,524608,0,2,0,0,0
52359,-6184943489809468494,Arbeitsauftrag: Ring - Siegel der Meisterschaft,,32570,55564,0,-1,0,0,0,0,0,2486,1,0,0,0,28156,123,464,0,3,524608,0,2,0,0,0
52360,-6184943489809468494,Arbeitsauftrag: Waffe - Küstenwoge,,32571,55564,0,-1,0,0,0,0,0,2486,1,0,0,0,28155,123,464,0,3,524608,0,2,0,0,0
52361,-6184943489809468494,Arbeitsauftrag: Waffe - Strom der Elemente,,32572,55564,0,-1,0,0,0,0,0,2486,1,0,0,0,28154,123,464,0,3,524608,0,2,0,0,0
52362,-6184943489809468494,Arbeitsauftrag: Waffe - Schnelle Navigation,,32573,55564,0,-1,0,0,0,0,0,2486,1,0,0,0,28153,123,464,0,3,524608,0,2,0,0,0
52363,6130900294268439629,Arbeitsauftrag: Brandmunition,,32574,55564,0,-1,0,0,0,0,0,2499,1,0,0,0,28118,122,464,0,3,524608,0,2,0,0,0
52364,6130900294268439629,Arbeitsauftrag: Thermobeschleunigter Seuchenverbreiter,,32575,55564,0,-1,0,0,0,0,0,2499,1,0,0,0,28119,122,464,0,3,524608,0,2,0,0,0
52365,6130900294268439629,Arbeitsauftrag: B.R.U.T.Z.L.,,32576,55564,0,-1,0,0,0,0,0,2499,1,0,0,0,28120,122,464,0,3,524608,0,2,0,0,0
52366,6130900294268439629,Arbeitsauftrag: XA-1000 Wellengleiter,,32577,55564,0,-1,0,0,0,0,0,2499,1,0,0,0,28121,122,464,0,3,524608,0,2,0,0,0
52367,6130900294268439629,Arbeitsauftrag: Elektroschocker zur Reittiermotivierung,,32578,55564,0,-1,0,0,0,0,0,2499,1,0,0,0,28122,122,464,0,3,524608,0,2,0,0,0
52368,6130900294268439629,Arbeitsauftrag: Zielfernrohr des Ausgucks,,32579,55564,0,-1,0,0,0,0,0,2499,1,0,0,0,28123,122,464,0,3,524608,0,2,0,0,0
52369,-6184943489809468494,Arbeitsauftrag: Brandmunition,,32580,55564,0,-1,0,0,0,0,0,2499,1,0,0,0,28152,122,464,0,3,524608,0,2,0,0,0
52370,-6184943489809468494,Arbeitsauftrag: Thermobeschleunigter Seuchenverbreiter,,32581,55564,0,-1,0,0,0,0,0,2499,1,0,0,0,28151,122,464,0,3,524608,0,2,0,0,0
52371,-6184943489809468494,Arbeitsauftrag: B.R.U.T.Z.L.,,32582,55564,0,-1,0,0,0,0,0,2499,1,0,0,0,28150,122,464,0,3,524608,0,2,0,0,0
52372,-6184943489809468494,Arbeitsauftrag: XA-1000 Wellengleiter,,32583,55564,0,-1,0,0,0,0,0,2499,1,0,0,0,28149,122,464,0,3,524608,0,2,0,0,0
52373,-6184943489809468494,Arbeitsauftrag: Elektroschocker zur Reittiermotivierung,,32584,55564,0,-1,0,0,0,0,0,2499,1,0,0,0,28148,122,464,0,3,524608,0,2,0,0,0
52374,-6184943489809468494,Arbeitsauftrag: Zielfernrohr des Ausgucks,,32585,55564,0,-1,0,0,0,0,0,2499,1,0,0,0,28147,122,464,0,3,524608,0,2,0,0,0
52375,6130900294268439629,Benötigte Vorräte: Großmeerwels,,32586,55564,0,-1,0,0,0,0,0,0,0,0,0,0,26070,109,464,0,3,524608,0,2,0,0,0
52376,6130900294268439629,Benötigte Vorräte: Sandschleicher,,32587,55564,0,-1,0,0,0,0,0,0,0,0,0,0,26071,109,464,0,3,524608,0,2,0,0,0
52377,6130900294268439629,Benötigte Vorräte: Tiragardebarsch,,32588,55564,0,-1,0,0,0,0,0,0,0,0,0,0,26149,109,464,0,3,524608,0,2,0,0,0
52378,6130900294268439629,Benötigte Vorräte: Schleimige Makrele,,32589,55564,0,-1,0,0,0,0,0,0,0,0,0,0,26125,109,464,0,3,524608,0,2,0,0,0
52379,6130900294268439629,Benötigte Vorräte: Rotflossenschmerle,,32590,55564,0,-1,0,0,0,0,0,0,0,0,0,0,26126,109,464,0,3,524608,0,2,0,0,0
52380,6130900294268439629,Benötigte Vorräte: Rasender Tigerfisch,,32591,55564,0,-1,0,0,0,0,0,0,0,0,0,0,26150,109,464,0,3,524608,0,2,0,0,0
52381,6130900294268439629,Benötigte Vorräte: Spurschnapper,,32592,55564,0,-1,0,0,0,0,0,0,0,0,0,0,26189,109,464,0,3,524608,0,2,0,0,0
52382,-6184943489809468494,Benötigte Vorräte: Großmeerwels,,32593,55564,0,-1,0,0,0,0,0,0,0,0,0,0,26215,109,464,0,3,524608,0,2,0,0,0
52383,-6184943489809468494,Benötigte Vorräte: Sandschleicher,,32594,55564,0,-1,0,0,0,0,0,0,0,0,0,0,26216,109,464,0,3,524608,0,2,0,0,0
52384,-6184943489809468494,Benötigte Vorräte: Tiragardebarsch,,32595,55564,0,-1,0,0,0,0,0,0,0,0,0,0,26217,109,464,0,3,524608,0,2,0,0,0
52385,-6184943489809468494,Benötigte Vorräte: Schleimige Makrele,,32596,55564,0,-1,0,0,0,0,0,0,0,0,0,0,26218,109,464,0,3,524608,0,2,0,0,0
52386,-6184943489809468494,Benötigte Vorräte: Rotflossenschmerle,,32597,55564,0,-1,0,0,0,0,0,0,0,0,0,0,26219,109,464,0,3,524608,0,2,0,0,0
52387,-6184943489809468494,Benötigte Vorräte: Rasender Tigerfisch,,32598,55564,0,-1,0,0,0,0,0,0,0,0,0,0,26220,109,464,0,3,524608,0,2,0,0,0
52388,-6184943489809468494,Benötigte Vorräte: Spurschnapper,,32599,55564,0,-1,0,0,0,0,0,0,0,0,0,0,26221,109,464,0,3,524608,0,2,0,0,0
52389,6130900294268439629,Arbeitsauftrag: Vertrag: Prachtmeeradmiralität,,32600,55564,0,-1,0,0,0,0,0,2507,1,0,0,0,28126,126,464,0,3,524608,0,2,0,0,0
52390,6130900294268439629,Arbeitsauftrag: Vertrag: Der Glutorden,,32601,55564,0,-1,0,0,0,0,0,2507,1,0,0,0,28124,126,464,0,3,524608,0,2,0,0,0
52391,6130900294268439629,Arbeitsauftrag: Vertrag: Die Sturmwacht,,32602,55564,0,-1,0,0,0,0,0,2507,1,0,0,0,28125,126,464,0,3,524608,0,2,0,0,0
52392,6130900294268439629,Arbeitsauftrag: Ultramarinblaue Pigmente,,32603,55564,0,-1,0,0,0,0,0,2507,1,0,0,0,26162,126,464,0,3,524608,0,2,0,0,0
52393,-1,Arbeitsauftrag: Vertrag: Tortollanische Sucher,,32604,55564,0,-1,0,0,0,0,0,2507,1,0,0,0,28143,126,464,0,3,524608,0,2,0,0,0
52394,-1,Arbeitsauftrag: Vertrag: Champions von Azeroth,,32605,55564,0,-1,0,0,0,0,0,2507,1,0,0,0,28127,126,464,0,3,524608,0,2,0,0,0
52395,-6184943489809468494,Arbeitsauftrag: Vertrag: Zandalariimperium,,32606,55564,0,-1,0,0,0,0,0,2507,1,0,0,0,28146,126,464,0,3,524608,0,2,0,0,0
52396,-6184943489809468494,Arbeitsauftrag: Vertrag: Talanjis Expedition,,32607,55564,0,-1,0,0,0,0,0,2507,1,0,0,0,28145,126,464,0,3,524608,0,2,0,0,0
52397,-6184943489809468494,Arbeitsauftrag: Vertrag: Voldunai,,32608,55564,0,-1,0,0,0,0,0,2507,1,0,0,0,28144,126,464,0,3,524608,0,2,0,0,0
52398,-6184943489809468494,Arbeitsauftrag: Ultramarinblaue Pigmente,,32609,55564,0,-1,0,0,0,0,0,2507,1,0,0,0,26235,126,464,0,3,524608,0,2,0,0,0
52400,6130900294268439629,Arbeitsauftrag: Kyanit,,32611,55564,0,-1,0,0,0,0,0,755,1,0,0,0,26165,125,464,0,3,524608,0,2,0,0,0
52402,6130900294268439629,Arbeitsauftrag: Viridium,,32613,55564,0,-1,0,0,0,0,0,755,1,0,0,0,26166,125,464,0,3,524608,0,2,0,0,0
52404,6130900294268439629,Arbeitsauftrag: Solstein,,32615,55564,0,-1,0,0,0,0,0,755,1,0,0,0,26167,125,464,0,3,524608,0,2,0,0,0
52405,6130900294268439629,Arbeitsauftrag: Kubilin,,32616,55564,0,-1,0,0,0,0,0,755,1,0,0,0,26168,125,464,0,3,524608,0,2,0,0,0
52406,6130900294268439629,Arbeitsauftrag: Granat,,32617,55564,0,-1,0,0,0,0,0,755,1,0,0,0,26169,125,464,0,3,524608,0,2,0,0,0
52407,6130900294268439629,Arbeitsauftrag: Goldberyll,,32618,55564,0,-1,0,0,0,0,0,755,1,0,0,0,26170,125,464,0,3,524608,0,2,0,0,0
52408,-6184943489809468494,Arbeitsauftrag: Kyanit,,32619,55564,0,-1,0,0,0,0,0,755,1,0,0,0,26239,125,464,0,3,524608,0,2,0,0,0
52409,-6184943489809468494,Arbeitsauftrag: Viridium,,32620,55564,0,-1,0,0,0,0,0,755,1,0,0,0,26240,125,464,0,3,524608,0,2,0,0,0
52410,-6184943489809468494,Arbeitsauftrag: Solstein,,32621,55564,0,-1,0,0,0,0,0,755,1,0,0,0,26241,125,464,0,3,524608,0,2,0,0,0
52411,-6184943489809468494,Arbeitsauftrag: Kubilin,,32622,55564,0,-1,0,0,0,0,0,755,1,0,0,0,26242,125,464,0,3,524608,0,2,0,0,0
52412,-6184943489809468494,Arbeitsauftrag: Granat,,32623,55564,0,-1,0,0,0,0,0,755,1,0,0,0,26243,125,464,0,3,524608,0,2,0,0,0
52413,-6184943489809468494,Arbeitsauftrag: Goldberyll,,32624,55564,0,-1,0,0,0,0,0,755,1,0,0,0,26244,125,464,0,3,524608,0,2,0,0,0
52414,6130900294268439629,Arbeitsauftrag: Trommeln des Mahlstroms,,32625,55564,0,-1,0,0,0,0,0,2525,1,0,0,0,26171,117,464,0,3,524608,0,2,0,0,0
52415,6130900294268439629,Arbeitsauftrag: Rauer Lederharnisch,,32626,55564,0,-1,0,0,0,0,0,2525,1,0,0,0,26172,117,464,0,3,524608,0,2,0,0,0
52416,6130900294268439629,Arbeitsauftrag: Schimmerschuppentauchanzug,,32627,55564,0,-1,0,0,0,0,0,2525,1,0,0,0,26173,117,464,0,3,524608,0,2,0,0,0
52417,6130900294268439629,Arbeitsauftrag: Schimmerschuppentauchhelm,,32628,55564,0,-1,0,0,0,0,0,2525,1,0,0,0,26174,117,464,0,3,524608,0,2,0,0,0
52418,-6184943489809468494,Arbeitsauftrag: Trommeln des Mahlstroms,,32629,55564,0,-1,0,0,0,0,0,2525,1,0,0,0,26245,117,464,0,3,524608,0,2,0,0,0
52419,-6184943489809468494,Arbeitsauftrag: Rauer Lederharnisch,,32630,55564,0,-1,0,0,0,0,0,2525,1,0,0,0,26246,117,464,0,3,524608,0,2,0,0,0
52420,-6184943489809468494,Arbeitsauftrag: Schimmerschuppentauchanzug,,32631,55564,0,-1,0,0,0,0,0,2525,1,0,0,0,26247,117,464,0,3,524608,0,2,0,0,0
52421,-6184943489809468494,Arbeitsauftrag: Schimmerschuppentauchhelm,,32632,55564,0,-1,0,0,0,0,0,2525,1,0,0,0,26248,117,464,0,3,524608,0,2,0,0,0
52422,6130900294268439629,Arbeitsauftrag: Schlachtflagge: Geist der Freiheit,,32633,55564,0,-1,0,0,0,0,0,2533,1,0,0,0,28128,121,464,0,3,524608,0,2,0,0,0
52423,6130900294268439629,Arbeitsauftrag: Schlachtflagge: Phalanxverteidigung,,32634,55564,0,-1,0,0,0,0,0,2533,1,0,0,0,28129,121,464,0,3,524608,0,2,0,0,0
52424,6130900294268439629,Arbeitsauftrag: Schlachtflagge: Ansporn,,32635,55564,0,-1,0,0,0,0,0,2533,1,0,0,0,28130,121,464,0,3,524608,0,2,0,0,0
52425,-6184943489809468494,Arbeitsauftrag: Schlachtflagge: Geist der Freiheit,,32636,55564,0,-1,0,0,0,0,0,2533,1,0,0,0,28142,121,464,0,3,524608,0,2,0,0,0
52426,-6184943489809468494,Arbeitsauftrag: Schlachtflagge: Phalanxverteidigung,,32637,55564,0,-1,0,0,0,0,0,2533,1,0,0,0,28141,121,464,0,3,524608,0,2,0,0,0
52427,-6184943489809468494,Arbeitsauftrag: Schlachtflagge: Ansporn,,32638,55564,0,-1,0,0,0,0,0,2533,1,0,0,0,28140,121,464,0,3,524608,0,2,0,0,0
52430,-1,Gar nicht so übel hier unten,,32641,55564,0,-1,0,0,0,0,0,0,0,0,0,0,25882,115,464,0,3,3735808,0,0,0,0,0
52432,-1,Sturmbö,,32643,55564,0,-1,0,0,0,0,0,0,0,0,0,0,25888,135,464,0,3,41484352,8192,0,0,0,0
52446,-1,Schwester Absinthia,,32656,55564,0,-1,0,0,0,0,0,0,0,0,0,0,25892,135,464,0,3,41484352,8192,0,0,0,0
52452,-1,Herrin der Gesänge Dadalea,,32661,55564,0,-1,0,0,0,0,0,0,0,0,0,0,25900,135,464,0,3,41484352,8192,0,0,0,0
52454,-1,Freihafen: Schreckenskapitän Vandegrimm,,32663,55564,0,-1,0,0,0,0,0,0,0,0,0,0,24907,137,464,0,3,35192832,0,2,0,0,0
52455,-1,Unverwüstlich,,32664,55564,0,-1,0,0,0,0,0,0,0,0,0,0,25905,115,464,0,3,3735808,0,0,0,0,0
52456,-1,Freihafen: Kriegsbewährte Galeere,,32665,55564,0,-1,0,0,0,0,0,0,0,0,0,0,24908,137,464,0,3,35192832,0,2,0,0,0
52458,-1,Freihafen: Piratendublonen,,32667,55564,0,-1,0,0,0,0,0,0,0,0,0,0,24929,137,464,0,3,35192832,0,2,0,0,0
52459,-1,Wirbelschwinge,,32668,55564,0,-1,0,0,0,0,0,0,0,0,0,0,25908,135,464,0,3,41484352,8192,0,0,0,0
52463,-1,Haegol der Hammer,,32671,55564,0,-1,0,0,0,0,0,0,0,0,0,0,25926,135,464,0,3,41484352,8192,0,0,0,0
52464,-1,Oska der Blutige,,32672,55564,0,-1,0,0,0,0,0,0,0,0,0,0,25927,135,464,0,3,41484352,8192,0,0,0,0
52471,-1,Ein ziemlich großer Kadaver,,32678,55564,0,-1,0,0,0,0,0,0,0,0,0,0,25940,115,464,0,3,3735808,0,0,0,0,0
52474,-1,Wilderer Jannes,,32681,55564,0,-1,0,0,0,0,0,0,0,0,0,0,25941,135,464,0,3,41484352,8192,0,0,0,0
52475,6130900294268439629,Wo die Adler jagen,,32682,65921,0,-1,0,0,0,0,0,0,0,0,0,0,26924,259,706,0,3,40435968,8192,0,0,0,0
52476,-1,Der Pilzkönig,,32683,55564,0,-1,0,0,0,0,0,0,0,0,0,0,25944,135,464,0,3,41484352,8192,0,0,0,0
52504,6130900294268439629,Frisch auf den Tisch,,32704,62340,0,-1,0,0,0,0,0,0,0,0,0,0,26104,109,288,0,3,41484288,8192,0,0,0,0
52505,-6184943489809468494,Die Dornen abschneiden,,32705,62340,0,-1,0,0,0,0,0,0,0,0,0,0,26085,109,288,0,3,41484288,8192,0,0,0,0
52506,6130900294268439629,Die Stacheln abstumpfen,,32706,62340,0,-1,0,0,0,0,0,0,0,0,0,0,26101,109,288,0,3,40435712,8192,0,0,0,0
52507,6130900294268439629,Klebrige Sauerei,,32707,55564,0,-1,0,0,0,0,0,0,0,0,0,0,26024,109,464,0,3,38338560,8192,0,0,0,0
52747,-1,Adherent of the Abyss,,32717,0,0,-1,0,0,0,0,0,0,0,0,0,0,0,0,188,0,3,33621000,0,0,0,0,0
52751,-1,Seltsam aussehende Hunde,,32721,55564,0,-1,0,0,0,0,0,0,0,0,0,0,26017,115,464,0,3,3735808,0,0,0,0,0
52752,-6184943489809468494,Wachsame Ausgucke,,32722,55564,0,-1,0,0,0,0,0,0,0,0,0,0,26018,109,464,0,3,38338560,8192,0,0,0,0
52754,-1,Sumpfbewohner,,32723,55564,0,-1,0,0,0,0,0,0,0,0,0,0,26019,115,464,0,3,3735808,0,0,0,0,0
52755,-6184943489809468494,Jetzt wird's heiß,,32724,55564,0,-1,0,0,0,0,0,0,0,0,0,0,26020,109,464,0,3,38338560,8192,0,0,0,0
52756,-6184943489809468494,Ein wenig aufwärmen,,32726,55564,0,-1,0,0,0,0,0,0,0,0,0,0,26021,109,464,0,3,38338560,8192,0,0,0,0
52757,-6184943489809468494,Schmutzsteinverbrechen,,32727,55564,0,-1,0,0,0,0,0,0,0,0,0,0,26022,109,464,0,3,38338624,8192,0,0,0,0
52760,-6184943489809468494,Nasse Angelegenheit,,32730,55564,0,-1,0,0,0,0,0,0,0,0,0,0,26039,109,464,0,3,40435712,8192,0,0,0,0
52761,6130900294268439629,Belagerung von Boralus: Blutgeld,,32731,55564,0,-1,0,0,0,0,0,0,0,0,0,0,26441,137,464,0,3,35192832,0,2,0,0,0
52763,-6184943489809468494,Belagerung von Boralus: Die Reihen lichten,,32733,55564,0,-1,0,0,0,0,0,0,0,0,0,0,26023,137,464,0,3,35192832,0,2,0,0,0
52771,6130900294268439629,Belagerung von Boralus: Ketten brechen,,32741,55564,0,-1,0,0,0,0,0,0,0,0,0,0,26440,137,464,0,3,35192832,0,2,0,0,0
52775,-6184943489809468494,"Belagerung von Boralus: Was Euer ist, ist mein",,32745,55564,0,-1,0,0,0,0,0,0,0,0,0,0,26025,137,464,0,3,35192832,0,2,0,0,0
52778,6130900294268439629,Belagerung von Boralus: Die Horde zerschmettern,,32748,55564,0,-1,0,0,0,0,0,0,0,0,0,0,26442,137,464,0,3,34144256,0,2,0,0,0
52779,-1,Der Krogg im Sumpf,,32749,55564,0,-1,0,0,0,0,0,0,0,0,0,0,26029,115,464,0,3,3735808,0,0,0,0,0
52780,-6184943489809468494,Die Belagerung von Boralus: Die Allianz brechen,,32750,55564,0,-1,0,0,0,0,0,0,0,0,0,0,26028,137,464,0,3,34144256,0,2,0,0,0
52785,6130900294268439629,Zerstörung von Zalamar,,31122,67455,0,-1,0,0,0,0,0,0,0,0,0,0,26030,109,464,0,3,273219584,0,0,0,0,0
52794,6130900294268439629,Echsen und Geschäftsbücher,,32762,55564,0,-1,0,0,0,0,0,0,0,0,0,0,26041,109,464,0,3,38338560,8192,0,0,0,0
52798,-6184943489809468494,Noch ein paar Ladungen,,32766,55564,0,-1,1,0,0,0,0,0,0,52129,0,0,26048,109,464,0,3,40435712,8192,0,0,0,0
52799,-1,Rudelführer,,32767,55564,0,-1,0,0,0,0,0,0,0,0,0,0,26057,115,464,0,3,3735808,0,0,0,0,0
52803,-1,Versehentliche Schrecken,,32771,55564,0,-1,0,0,0,0,0,0,0,0,0,0,26060,115,464,0,3,3735808,0,0,0,0,0
52804,-6184943489809468494,Etwas regt sich in der Tiefe,,32772,55564,0,-1,0,0,0,0,0,0,0,0,0,0,26063,109,464,0,3,38338560,8192,0,0,0,0
52805,-6184943489809468494,Zum Zähne ausbeißen,,33433,55564,0,-1,0,0,0,0,0,0,0,0,0,0,26064,109,464,0,3,38338560,8192,0,0,0,0
52832,-1,Azeritermächtigung,,32799,55564,0,-1,0,0,0,0,0,0,0,0,0,0,26069,151,464,0,3,3735552,0,0,0,0,0
52847,6130900294268439629,Die Heulende Verdammnis,,32814,63859,0,-1,0,0,0,0,0,0,0,0,0,0,0,112,464,0,3,34144576,0,0,0,0,0
52848,-6184943489809468494,Der Brüllende Löwe,,32815,63860,0,-1,0,0,0,0,0,0,0,0,0,0,0,112,464,0,3,34144576,0,0,0,0,0
52849,-1,Azeritermächtigung,,32816,55564,0,-1,0,0,0,0,0,0,0,0,0,0,26078,151,464,0,3,3735552,0,0,0,0,0
52850,-1,Keeyos Champions von Vol'dun,,32817,55564,0,-1,0,0,0,0,0,0,0,0,0,0,26094,115,464,0,3,3735808,0,0,0,0,0
52856,-1,Schlangen auf einer Terrasse,,32823,55564,0,-1,0,0,0,0,0,0,0,0,0,0,26097,115,464,0,3,3735808,0,0,0,0,0
52858,-1,Azeritermächtigung,,32825,55564,0,-1,0,0,0,0,0,0,0,0,0,0,26082,151,464,0,3,3735552,0,0,0,0,0
52862,-1,Azeritermächtigung,,32829,55564,0,-1,0,0,0,0,0,0,0,0,0,0,26109,151,464,0,3,3735552,0,0,0,0,0
52864,-1,"Was soll das heißen, bewusstseinsverändernde Pflanzen?",,32831,55564,0,-1,0,0,0,0,0,0,0,0,0,0,26120,115,464,0,3,3735808,0,0,0,0,0
52865,6130900294268439629,Blockadebrecher,,32832,55564,0,-1,0,0,0,0,0,0,0,0,0,0,26119,109,464,0,3,34144256,0,0,0,0,0
52869,-1,Azeritermächtigung,,32836,55564,0,-1,0,0,0,0,0,0,0,0,0,0,26117,151,464,0,3,3735552,0,0,0,0,0
52871,-1,Azeritermächtigung,,32838,55564,0,-1,0,0,0,0,0,0,0,0,0,0,26113,151,464,0,3,3735552,0,0,0,0,0
52872,-1,Azeritbergbau,,32839,55564,0,-1,0,0,0,0,0,0,0,0,0,0,26108,151,464,0,3,271122432,0,0,0,0,0
52873,-1,Azeritbergbau,,32840,55564,0,-1,0,0,0,0,0,0,0,0,0,0,26112,151,464,0,3,271122432,0,0,0,0,0
52874,-1,Azeritbergbau,,32841,55564,0,-1,0,0,0,0,0,0,0,0,0,0,26116,151,464,0,3,272171008,0,0,0,0,0
52875,-1,Azeritbergbau,,32842,55564,0,-1,0,0,0,0,0,0,0,0,0,0,26077,151,464,0,3,271122432,0,0,0,0,0
52877,-1,Azeritbergbau,,32844,55564,0,-1,0,0,0,0,0,0,0,0,0,0,26081,151,464,0,3,271122432,0,0,0,0,0
52878,-1,Überlebende der Wüste,,32845,55564,0,-1,0,0,0,0,0,0,0,0,0,0,26202,115,464,0,3,3735808,0,0,0,0,0
52879,6130900294268439629,Starre Richtlinien,,32846,55564,0,-1,0,0,0,0,0,0,0,0,0,0,26226,109,464,0,3,35192832,0,0,0,0,0
52880,-1,Schlammschnauze von Mildenhall,,32847,55564,0,-1,0,0,0,0,0,0,0,0,0,0,26272,135,464,0,3,41484352,8192,0,0,0,0
52882,-6184943489809468494,Kontrolliertes Feuer,,32846,55564,0,-1,0,0,0,0,0,0,0,0,0,0,26226,109,464,0,3,35192832,0,0,0,0,0
52883,-6184943489809468494,Durchbruch,,32849,62340,0,-1,0,0,0,0,0,0,0,0,0,162602,26284,109,288,0,3,41484288,8192,0,0,0,0
52884,-1,Azeritwunden,,32850,55564,0,-1,0,0,0,0,0,0,0,0,0,0,26066,151,464,0,3,7930112,8192,0,0,0,0
52885,6130900294268439629,Fee-da,,32851,62340,0,-1,0,0,0,0,0,0,0,0,0,0,26285,109,288,0,3,38338560,8192,0,0,0,0
52889,-1,Sandmalmer,,32854,55564,0,-1,0,0,0,0,0,0,0,0,0,0,26277,135,464,0,3,41484352,8192,0,0,0,0
52890,-6184943489809468494,Irgendwie magisch,,32855,62340,0,-1,0,0,0,0,0,0,0,0,0,0,26286,109,288,0,3,38338560,8192,0,0,0,0
52891,6130900294268439629,Wendigute Nacht,,32856,55564,0,-1,0,0,0,0,0,0,0,0,0,0,26276,109,464,0,3,34144256,8192,0,0,0,0
52892,-1,"Kleintiere sind Freunde, kein Fressen!",,32858,55564,0,-1,0,0,0,0,0,0,0,0,0,0,26278,115,464,0,3,3735808,0,0,0,0,0
52893,6130900294268439629,Gemeinsame Vision,,32860,62340,0,-1,0,0,0,0,0,0,0,0,0,0,26287,109,288,0,3,38338560,8192,0,0,0,0
52894,-6184943489809468494,Haltet mich nicht auf,,32861,62340,0,-1,0,0,0,0,0,0,0,0,0,0,26288,109,288,0,3,38338560,8192,0,0,0,0
52895,6130900294268439629,Arboria,,32862,62340,0,-1,0,0,0,0,0,0,0,0,0,0,26289,109,288,0,3,38338560,8192,0,0,0,0
52896,-6184943489809468494,Unter Druck,,32863,62340,0,-1,0,0,0,0,0,0,0,0,0,0,26283,109,288,0,3,40435712,8192,0,0,0,0
52897,6130900294268439629,Bis zum felsigen Ende,,32864,62340,0,-1,0,0,0,0,0,0,0,0,0,0,26282,109,288,0,3,4784128,8192,0,0,0,0
52923,-1,Die Sammlung erweitern,,32890,55564,0,-1,0,0,0,0,0,0,0,0,0,0,26291,115,464,0,3,3735808,0,0,0,0,0
52924,6130900294268439629,Ich helfe gerne met,,32891,55564,0,-1,0,0,0,0,0,0,0,0,0,0,26293,109,464,0,3,34144256,0,0,0,0,0
52935,6130900294268439629,Eine neue Ära,,32893,55564,0,-1,0,0,0,0,0,0,0,0,0,155919,26295,109,464,0,3,38469632,0,0,0,0,0
52936,-6184943489809468494,Politik der verseuchten Erde,,32893,55564,0,-1,0,0,0,0,0,0,0,0,0,0,26295,109,464,0,3,38338560,0,0,0,0,0
52937,-1,Rammbock war noch nie so wütend,,32894,55564,0,-1,0,0,0,0,0,0,0,0,0,0,26297,115,464,0,3,3735808,0,0,0,0,0
52938,-1,Klein angefangen,,32895,55564,0,-1,0,0,0,0,0,0,0,0,0,0,26299,115,464,0,3,3735808,0,0,0,0,0
52939,6130900294268439629,Munitionsbeschaffung,,32896,55564,0,-1,0,0,0,0,0,0,0,0,0,0,26300,109,464,0,3,34144256,0,0,0,0,0
52940,-6184943489809468494,Waffenhandel,,32896,55564,0,-1,0,0,0,0,0,0,0,0,0,0,26300,109,464,0,3,34144256,0,0,0,0,0
52941,6130900294268439629,Licht im Dunkeln,,32897,68611,0,-1,0,0,0,0,0,0,0,0,0,0,26307,109,464,0,3,35323904,0,0,0,0,0
52947,6130900294268439629,In den Hintern trettin,,32903,55564,0,-1,0,0,0,0,0,0,0,0,0,0,26375,109,464,0,3,34144256,8192,0,0,0,0
52964,6130900294268439629,Ungezieferproblem,,32921,55564,0,-1,0,0,0,0,0,0,0,0,0,0,26327,109,464,0,3,720896,8192,0,0,0,0
52968,-6184943489809468494,Zeit für ein bisschen Blutvergießen,,32897,55564,0,-1,0,0,0,0,0,0,0,0,0,0,26307,109,464,0,3,34144256,0,0,0,0,0
52972,6130900294268439629,Lieblingsenkel,,32927,55564,0,-1,0,0,0,0,0,0,0,0,0,0,26331,109,464,0,3,34144256,0,0,0,0,0
52979,6130900294268439629,Reinigungsritual,,32935,68611,0,-1,0,0,0,0,0,0,0,0,0,0,26333,109,464,0,3,36372480,1,0,0,0,0
52982,6130900294268439629,Böse Mine,,32939,55564,0,-1,0,0,0,0,0,0,0,0,0,0,26336,109,464,0,3,34144256,8192,0,51712,0,0
52983,6130900294268439629,Ich will alles,,32940,62340,0,-1,0,0,0,0,0,0,0,0,0,0,26340,109,288,0,3,38338560,8192,0,0,0,0
52984,-6184943489809468494,Ich will alles,,32941,62340,0,-1,0,0,0,0,0,0,0,0,0,0,26339,109,288,0,3,38338560,8192,0,0,0,0
52986,-6184943489809468494,Ein tückisches Gefäß,,32935,55564,0,-1,0,0,0,0,0,0,0,0,0,0,26333,109,464,0,3,36372480,1,0,0,0,0
52987,6130900294268439629,Alles soll brennen!,,32943,55564,0,-1,0,0,0,0,0,0,0,0,0,0,26337,109,464,0,3,34144256,8192,0,51712,0,0
52988,6130900294268439629,Hausputz,,32944,55564,0,-1,0,0,0,0,0,0,0,0,0,0,26343,109,464,0,3,34144256,0,0,0,0,0
53008,-6184943489809468494,Die Klugheit eines Weisen,,32944,55564,0,-1,0,0,0,0,0,0,0,0,0,0,26343,109,464,0,3,34144256,0,0,0,0,0
53009,-6184943489809468494,Haltet durch,,32965,62340,0,-1,0,0,0,0,0,0,0,0,0,0,26426,109,288,0,3,38338560,8192,0,0,0,0
53010,6130900294268439629,Kein Zurück,,32966,62340,0,-1,0,0,0,0,0,0,0,0,0,0,26425,109,288,0,3,38338560,8192,0,0,0,0
53012,6130900294268439629,Spielzeuge wegräumen,,32968,69435,0,-1,0,0,0,0,0,0,0,0,0,0,26338,109,464,0,3,40435712,8192,0,51712,0,0
53025,6130900294268439629,Ausdünnung,,32981,55564,0,-1,0,0,0,0,0,0,0,0,0,0,26345,109,464,0,3,34144256,0,0,0,0,0
53027,-6184943489809468494,Am Rande des Ruhms,,33449,55564,0,-1,0,0,0,0,0,0,0,0,0,0,26348,109,464,0,3,34144256,0,0,0,0,0
53040,6130900294268439629,Sturmrauschen,,32994,55564,0,-1,0,0,0,0,0,0,0,0,0,0,26350,109,464,0,3,34144256,0,0,0,0,0
53042,-6184943489809468494,Sturmrufer,,32994,55564,0,-1,0,0,0,0,0,0,0,0,0,0,26350,109,464,0,3,34144256,0,0,0,0,0
53076,-6184943489809468494,Kernschmelze in der Gießerei,,32368,55564,0,-1,0,0,0,0,0,0,0,0,0,0,26377,109,464,0,3,34144256,512,0,0,0,0
53078,-6184943489809468494,Schätze der Gezeiten,,32380,55564,0,-1,0,0,0,0,0,0,0,0,0,0,26378,109,464,0,3,34144256,0,0,0,0,0
53106,6130900294268439629,Schwingen lassen,,33052,63483,0,-1,0,0,0,0,0,0,0,0,0,163212,26452,109,464,0,3,37289984,0,0,0,0,0
53107,6130900294268439629,Plünderung und Vorräte,,33053,63483,0,-1,0,0,0,0,0,0,0,0,0,0,26451,109,464,0,3,37289984,0,0,0,0,0
53108,6130900294268439629,Bildersturm,,33054,63483,0,-1,0,0,0,0,0,0,0,0,0,157771,26453,109,464,0,3,37289984,0,0,0,0,0
53111,-1,Tracking Quest,,33057,0,0,-1,0,0,0,0,0,0,0,0,0,0,0,0,0,0,3,33621000,0,0,0,0,0
53165,6130900294268439629,Stopp dem Antiquitätendiebstahl,,33098,55564,0,-1,0,0,0,0,0,0,0,0,0,0,26397,109,464,0,3,38338560,8192,0,52261,0,0
53188,6130900294268439629,Frostiger Freistil,,33120,55564,0,-1,0,0,0,0,0,0,0,0,0,0,26852,109,464,0,3,2686976,0,0,0,0,0
53189,6130900294268439629,Flutsch und weg,,33121,55564,0,-1,0,0,0,0,0,0,0,0,0,0,26854,109,464,0,3,2686976,0,0,0,0,0
53196,-6184943489809468494,Schrubbt das!,,32384,55564,0,-1,0,0,0,0,0,0,0,0,0,0,26398,109,464,0,3,38338560,8192,0,0,0,0
53200,-1,Tracking Quest,,33131,0,0,-1,0,0,0,0,0,0,0,0,0,0,0,0,0,0,3,33621000,0,0,0,0,0
53201,-1,Tracking Quest,,33132,0,0,-1,0,0,0,0,0,0,0,0,0,0,0,0,0,0,3,33621000,0,0,0,0,0
53202,-1,Tracking Quest,,33133,0,0,-1,0,0,0,0,0,0,0,0,0,0,0,0,0,0,3,33621000,0,0,0,0,0
53203,-1,Tracking Quest,,33134,0,0,-1,0,0,0,0,0,0,0,0,0,0,0,0,0,0,3,33621000,0,0,0,0,0
53204,-1,Tracking Quest,,33135,0,0,-1,0,0,0,0,0,0,0,0,0,0,0,0,0,0,3,33621000,0,0,0,0,0
53214,-1,Tracking Quest,,33141,0,0,-1,0,0,0,0,0,0,0,0,0,0,0,0,0,0,3,33621000,0,0,0,0,0
53215,-1,Tracking Quest,,33142,0,0,-1,0,0,0,0,0,0,0,0,0,0,0,0,188,0,3,37815304,8192,0,0,0,0
53266,-1,Blühende Meeresstängel,,33200,55564,0,-1,0,0,0,0,0,2549,1,0,0,0,26599,119,464,0,3,34144576,0,2,0,0,0
53270,-1,Blühende Flussknospe,,33204,55564,0,-1,0,0,0,0,0,2549,1,0,0,0,26600,119,464,0,3,34144576,0,2,0,0,0
53271,-1,Blühendes Sternmoos,,33205,55564,0,-1,0,0,0,0,0,2549,1,0,0,0,26601,119,464,0,3,590144,0,2,0,0,0
53272,-1,Blühender Sirenendorn,,33206,55564,0,-1,0,0,0,0,0,2549,1,0,0,0,26602,119,464,0,3,590144,0,2,0,0,0
53273,-1,Winterkussbüschel,,33207,67266,0,-1,0,0,0,0,0,2549,1,0,0,0,26603,119,464,0,3,590144,0,2,0,0,0
53274,-1,Wucherndes Ankerkraut,,33208,55564,0,-1,0,0,0,0,0,2549,1,0,0,0,26604,119,464,0,3,34144576,0,2,0,0,0
53277,-1,Blühende Meeresstängel,,33212,55564,0,-1,0,0,0,0,0,2549,1,0,0,0,26605,119,464,0,3,34144576,0,2,0,0,0
53278,-1,Blühende Flussknospe,,33213,55564,0,-1,0,0,0,0,0,2549,1,0,0,0,26606,119,464,0,3,34144576,0,2,0,0,0
53279,-1,Blühendes Sternmoos,,33214,55564,0,-1,0,0,0,0,0,2549,1,0,0,0,26607,119,464,0,3,590144,0,2,0,0,0
53280,-1,Blühender Sirenendorn,,33215,55564,0,-1,0,0,0,0,0,2549,1,0,0,0,26608,119,464,0,3,590144,0,2,0,0,0
53281,-1,Winterkussbüschel,,33216,55564,0,-1,0,0,0,0,0,2549,1,0,0,0,26609,119,464,0,3,590144,0,2,0,0,0
53282,-1,Wucherndes Ankerkraut,,33217,55564,0,-1,0,0,0,0,0,2549,1,0,0,0,26610,119,464,0,3,590144,0,2,0,0,0
53283,-1,Blühende Meeresstängel,,33218,55564,0,-1,0,0,0,0,0,2549,1,0,0,0,26611,119,464,0,3,34144576,0,2,0,0,0
53284,-1,Blühende Flussknospe,,33219,55564,0,-1,0,0,0,0,0,2549,1,0,0,0,26612,119,464,0,3,34144576,0,2,0,0,0
53285,-1,Blühendes Sternmoos,,33220,55564,0,-1,0,0,0,0,0,2549,1,0,0,0,26613,119,464,0,3,590144,0,2,0,0,0
53286,-1,Blühender Sirenendorn,,33221,55564,0,-1,0,0,0,0,0,2549,1,0,0,0,26614,119,464,0,3,590144,0,2,0,0,0
53287,-1,Winterkussbüschel,,33222,55564,0,-1,0,0,0,0,0,2549,1,0,0,0,26615,119,464,0,3,590144,0,2,0,0,0
53288,-1,Wucherndes Ankerkraut,,33223,55564,0,-1,0,0,0,0,0,2549,1,0,0,0,26616,119,464,0,3,590144,0,2,0,0,0
53289,-1,Blühende Meeresstängel,,33224,67269,0,-1,0,0,0,0,0,2549,1,0,0,0,26582,119,464,0,3,34144576,0,2,0,0,0
53290,-1,Blühende Flussknospe,,33225,55564,0,-1,0,0,0,0,0,2549,1,0,0,0,26584,119,464,0,3,34144576,0,2,0,0,0
53291,-1,Blühendes Sternmoos,,33226,55564,0,-1,0,0,0,0,0,2549,1,0,0,0,26585,119,464,0,3,590144,0,2,0,0,0
53292,-1,Blühender Sirenendorn,,33227,55564,0,-1,0,0,0,0,0,2549,1,0,0,0,26586,119,464,0,3,590144,0,2,0,0,0
53293,-1,Wucherndes Ankerkraut,,33228,55564,0,-1,0,0,0,0,0,2549,1,0,0,0,26587,119,464,0,3,590144,0,2,0,0,0
53294,-1,Büschel von Akundas Biss,,33229,55564,0,-1,0,0,0,0,0,2549,1,0,0,0,26592,119,464,0,3,590144,0,2,0,0,0
53296,-1,Blühende Meeresstängel,,33231,55564,0,-1,0,0,0,0,0,2549,1,0,0,0,26588,119,464,0,3,34144576,0,2,0,0,0
53297,-1,Blühende Flussknospe,,33232,55564,0,-1,0,0,0,0,0,2549,1,0,0,0,26589,119,464,0,3,34144576,0,2,0,0,0
53298,-1,Blühendes Sternmoos,,33233,55564,0,-1,0,0,0,0,0,2549,1,0,0,0,26590,119,464,0,3,590144,0,2,0,0,0
53299,-1,Blühender Sirenendorn,,33234,55564,0,-1,0,0,0,0,0,2549,1,0,0,0,26591,119,464,0,3,590144,0,2,0,0,0
53300,-1,Wucherndes Ankerkraut,,33235,55564,0,-1,0,0,0,0,0,2549,1,0,0,0,26593,119,464,0,3,590144,0,2,0,0,0
53301,-1,Blühende Meeresstängel,,33236,55564,0,-1,0,0,0,0,0,2549,1,0,0,0,26594,119,464,0,3,34144576,0,2,0,0,0
53302,-1,Blühende Flussknospe,,33237,55564,0,-1,0,0,0,0,0,2549,1,0,0,0,26595,119,464,0,3,34144576,0,2,0,0,0
53303,-1,Blühendes Sternmoos,,33238,55564,0,-1,0,0,0,0,0,2549,1,0,0,0,26596,119,464,0,3,590144,0,2,0,0,0
53304,-1,Blühender Sirenendorn,,33239,55564,0,-1,0,0,0,0,0,2549,1,0,0,0,26597,119,464,0,3,590144,0,2,0,0,0
53305,-1,Wucherndes Ankerkraut,,33240,55564,0,-1,0,0,0,0,0,2549,1,0,0,0,26598,119,464,0,3,590144,0,2,0,0,0
53308,-1,Glitzernder Monelit,,33244,55564,0,-1,0,0,0,0,0,2565,1,0,0,0,26617,120,464,0,3,34144576,0,2,0,0,0
53311,-1,Glänzendes Sturmsilber,,33247,55564,0,-1,0,0,0,0,0,2565,1,0,0,0,26618,120,464,0,3,34144576,0,2,0,0,0
53312,-1,Schimmerndes Platin,,33248,55564,0,-1,0,0,0,0,0,2565,1,0,0,0,26619,120,464,0,3,34144576,0,2,0,0,0
53313,-1,Rauer Monelit,,33249,55564,0,-1,0,0,0,0,0,2565,1,0,0,0,26620,120,464,0,3,34144576,0,2,0,0,0
53314,-1,Grobes Sturmsilber,,33250,55564,0,-1,0,0,0,0,0,2565,1,0,0,0,26621,120,464,0,3,34144576,0,2,0,0,0
53315,-1,Glattes Platin,,33251,55564,0,-1,0,0,0,0,0,2565,1,0,0,0,26622,120,464,0,3,34144576,0,2,0,0,0
53316,-1,Gehärteter Monelit,,33252,55564,0,-1,0,0,0,0,0,2565,1,0,0,0,26623,120,464,0,3,34144576,0,2,0,0,0
53317,-1,Verdichtetes Sturmsilber,,33253,55564,0,-1,0,0,0,0,0,2565,1,0,0,0,26624,120,464,0,3,34144576,0,2,0,0,0
53318,-1,Plastisches Platin,,33254,55564,0,-1,0,0,0,0,0,2565,1,0,0,0,26625,120,464,0,3,34144576,0,2,0,0,0
53319,6130900294268439629,Unser heiliger Wald,,33255,62340,0,-1,0,0,0,0,0,0,0,0,0,0,26423,109,288,0,3,38338560,8192,0,0,0,0
53320,-6184943489809468494,"Wir nehmen uns, was uns gehört",,33256,62340,0,-1,0,0,0,0,0,0,0,0,0,0,26424,109,288,0,3,38338560,8192,0,0,0,0
53321,-1,Glitzernder Monelit,,33257,55564,0,-1,0,0,0,0,0,2565,1,0,0,0,26634,120,464,0,3,34144576,0,2,0,0,0
53322,-1,Glänzendes Sturmsilber,,33258,55564,0,-1,0,0,0,0,0,2565,1,0,0,0,26633,120,464,0,3,34144576,0,2,0,0,0
53323,-1,Schimmerndes Platin,,33259,55564,0,-1,0,0,0,0,0,2565,1,0,0,0,26632,120,464,0,3,34144576,0,2,0,0,0
53324,-1,Rauer Monelit,,33260,55564,0,-1,0,0,0,0,0,2565,1,0,0,0,26631,120,464,0,3,34144576,0,2,0,0,0
53325,-1,Grobes Sturmsilber,,33261,55564,0,-1,0,0,0,0,0,2565,1,0,0,0,26630,120,464,0,3,34144576,0,2,0,0,0
53326,-1,Glattes Platin,,33262,55564,0,-1,0,0,0,0,0,2565,1,0,0,0,26629,120,464,0,3,34144576,0,2,0,0,0
53327,-1,Gehärteter Monelit,,33263,55564,0,-1,0,0,0,0,0,2565,1,0,0,0,26628,120,464,0,3,34144576,0,2,0,0,0
53328,-1,Verdichtetes Sturmsilber,,33264,55564,0,-1,0,0,0,0,0,2565,1,0,0,0,26627,120,464,0,3,34144576,0,2,0,0,0
53329,-1,Plastisches Platin,,33265,55564,0,-1,0,0,0,0,0,2565,1,0,0,0,26626,120,464,0,3,34144576,0,2,0,0,0
53331,6130900294268439629,Meisterleistung,,33267,55564,0,-1,0,0,0,0,0,0,0,0,0,0,26439,109,464,0,3,39387136,0,0,0,0,0
53343,-6184943489809468494,Schwingen lassen,,33052,63483,0,-1,0,0,0,0,0,0,0,0,0,163212,26452,109,464,0,3,37289984,0,0,0,0,0
53344,-6184943489809468494,Bildersturm,,33054,63483,0,-1,0,0,0,0,0,0,0,0,0,157771,26453,109,464,0,3,37289984,0,0,0,0,0
53345,-6184943489809468494,Plünderung und Vorräte,,33053,63483,0,-1,0,0,0,0,0,0,0,0,0,0,26451,109,464,0,3,37289984,0,0,0,0,0
53346,6130900294268439629,Troggtrampeln,,33274,55564,0,-1,0,0,0,0,0,0,0,0,0,0,26514,109,464,0,3,36241408,0,0,0,0,0
53435,-6184943489809468494,Azerit für die Horde,,33337,64610,0,-1,0,0,0,0,0,0,0,0,0,0,0,261,289,0,2,101220608,67108864,34,0,0,0
53436,6130900294268439629,Azerit für die Allianz,,33337,64610,0,-1,0,0,0,0,0,0,0,0,0,0,0,261,289,0,2,101220608,67108864,34,0,0,0
53497,6130900294268439629,Freikommen,,33383,63694,0,-1,0,0,0,0,0,0,0,0,0,0,26656,109,288,0,3,34144256,0,0,0,0,0
53498,-6184943489809468494,Durchhaltevermögen,,33384,63694,0,-1,0,0,0,0,0,0,0,0,0,0,26655,109,288,0,3,34144256,0,0,0,0,0
53520,6130900294268439629,Sprengen!,,33404,62340,0,-1,0,0,0,0,0,0,0,0,0,0,26694,109,288,0,3,34144256,0,0,0,0,0
53549,-1,Kopfgeldtasche,,33430,0,0,-1,0,0,0,0,0,0,0,0,0,0,0,41,464,0,3,101253184,0,0,0,0,0
53552,-6184943489809468494,Wilde Sause,,33453,62340,0,-1,0,0,0,0,0,0,0,0,0,0,26727,109,288,0,3,34144256,0,0,0,0,0
53564,-1,Tracking Quest,,33457,0,0,-1,0,0,0,0,0,0,0,0,0,0,0,0,0,0,3,33621000,0,0,0,0,0
53584,-1,Tracking Quest,,33479,0,0,-1,0,0,0,0,0,0,0,0,0,0,0,0,0,0,3,33621000,0,0,0,0,0
53585,-1,Tracking Quest,,33480,0,0,-1,0,0,0,0,0,0,0,0,0,0,0,0,0,0,3,33621000,0,0,0,0,0
53586,-1,Tracking Quest,,33481,0,0,-1,0,0,0,0,0,0,0,0,0,0,0,0,0,0,3,33621000,0,0,0,0,0
53587,-1,Tracking Quest,,33482,0,0,-1,0,0,0,0,0,0,0,0,0,0,0,0,0,0,3,33621000,0,0,0,0,0
53588,-1,Tracking Quest,,33483,0,0,-1,0,0,0,0,0,0,0,0,0,0,0,0,0,0,3,33621000,0,0,0,0,0
53589,-1,Tracking Quest,,33484,0,0,-1,0,0,0,0,0,0,0,0,0,0,0,0,0,0,3,33621000,0,0,0,0,0
53590,-1,Tracking Quest,,33485,0,0,-1,0,0,0,0,0,0,0,0,0,0,0,0,0,0,3,33621000,0,0,0,0,0
53591,-1,Tracking Quest,,33486,0,0,-1,0,0,0,0,0,0,0,0,0,0,0,0,0,0,3,33621000,0,0,0,0,0
53592,-1,Tracking Quest,,33487,0,0,-1,0,0,0,0,0,0,0,0,0,0,0,0,0,0,3,33621000,0,0,0,0,0
53593,-1,Tracking Quest,,33488,0,0,-1,0,0,0,0,0,0,0,0,0,0,0,0,0,0,3,33621000,0,0,0,0,0
53594,-1,Tracking Quest,,33489,0,0,-1,0,0,0,0,0,0,0,0,0,0,0,0,0,0,3,33621000,0,0,0,0,0
53595,-1,Tracking Quest,,33490,0,0,-1,0,0,0,0,0,0,0,0,0,0,0,0,0,0,3,33621000,0,0,0,0,0
53596,-1,Tracking Quest,,33491,0,0,-1,0,0,0,0,0,0,0,0,0,0,0,0,0,0,3,33621000,0,0,0,0,0
53597,-1,Tracking Quest,,33492,0,0,-1,0,0,0,0,0,0,0,0,0,0,0,0,0,0,3,33621000,0,0,0,0,0
53598,-1,Tracking Quest,,33493,0,0,-1,0,0,0,0,0,0,0,0,0,0,0,0,0,0,3,33621000,0,0,0,0,0
53599,-1,Tracking Quest,,33494,0,0,-1,0,0,0,0,0,0,0,0,0,0,0,0,0,0,3,33621000,0,0,0,0,0
53600,-1,Tracking Quest,,33495,0,0,-1,0,0,0,0,0,0,0,0,0,0,0,0,0,0,3,33621000,0,0,0,0,0
53601,-1,Tracking Quest,,33496,0,0,-1,0,0,0,0,0,0,0,0,0,0,0,0,0,0,3,33621000,0,0,0,0,0
53699,6130900294268439629,Torknacker,,33607,65921,0,-1,0,0,0,0,0,0,0,0,0,0,26925,259,706,0,3,40435968,8192,0,0,0,0
53704,6130900294268439629,Nicht allzu nüchterne Bürgerwehr,,33598,65921,0,-1,0,0,0,0,0,0,0,0,0,0,27049,259,706,0,3,40435968,8192,0,0,0,0
53706,6130900294268439629,Bergt die Vorräte,,33599,65921,0,-1,0,0,0,0,0,0,0,0,0,0,27080,259,706,0,3,36241664,0,0,0,0,0
53707,-6184943489809468494,Räuchert die Vorräte,,33600,65921,0,-1,0,0,0,0,0,0,0,0,0,0,27080,259,706,0,3,36241664,0,0,0,0,0
53712,6130900294268439629,Unfreundlicher Himmel,,33602,65921,0,-1,0,0,0,0,0,0,0,0,0,0,26964,259,706,0,3,40435968,8192,0,0,0,0
53713,-6184943489809468494,Nasse Sache: Bronhavn,,33604,65921,0,-1,0,0,0,0,0,0,0,0,0,0,26965,259,706,0,3,37290240,0,0,0,0,0
53714,6130900294268439629,Apotheker Jerrod,,33605,67187,0,-1,0,0,0,0,0,0,0,0,0,0,26962,260,706,0,3,36241728,0,0,0,0,0
53715,6130900294268439629,Feuerwächter Viton Nachtfackel,,33606,65921,0,-1,0,0,0,0,0,0,0,0,0,0,26966,260,706,0,3,36241728,0,0,0,0,0
53716,-6184943489809468494,Ernstfall im Osten,,33608,67264,0,-1,0,0,0,0,0,0,0,0,0,0,27148,259,706,0,3,36241664,0,0,0,0,0
53717,6130900294268439629,Das Hochland halten,,33609,65921,0,-1,0,0,0,0,0,0,0,0,0,0,27078,259,706,0,3,36241664,0,0,0,0,0
53724,6130900294268439629,Schattenjägerin Mutumba,,33616,65921,0,-1,0,0,0,0,0,0,0,0,0,0,26989,260,706,0,3,36241728,0,0,0,0,0
53726,6130900294268439629,Mechmachenschaften,,33618,65921,0,-1,0,0,0,0,0,0,0,0,0,0,27002,259,706,0,3,40435968,8192,0,0,0,0
53752,-6184943489809468494,Bomb-astisch,,33639,65921,0,-1,0,0,0,0,0,0,0,0,0,0,27081,259,706,0,3,36241664,0,0,0,0,0
53753,6130900294268439629,Bomb-astisch,,33640,65921,0,-1,0,0,0,0,0,0,0,0,0,0,27081,259,706,0,3,36241664,0,0,0,0,0
53755,6130900294268439629,Ein Fass aufmachen,,33642,65921,0,-1,0,0,0,0,0,0,0,0,0,0,27017,259,706,0,3,36241664,0,0,0,0,0
53759,-6184943489809468494,Gebt acht da unten!,,33646,65921,0,-1,0,0,0,0,0,0,0,0,0,0,26924,259,706,0,3,40435968,8192,0,0,0,0
53768,6130900294268439629,Aufruhr pur,,33654,65921,0,-1,0,0,0,0,0,0,0,0,0,0,27079,259,706,0,3,36241664,0,0,0,0,0
53769,-6184943489809468494,Aufruhr pur,,33655,65921,0,-1,0,0,0,0,0,0,0,0,0,0,27079,259,706,0,3,36241664,0,0,0,0,0
53770,6130900294268439629,TBD - OLD PORTAL QUEST (NOT USED),,33656,65921,0,-1,0,0,0,0,0,0,0,0,0,0,3785,113,706,0,3,39387392,8192,0,0,0,0
53771,6130900294268439629,Gurin Steinbinder,,33657,65921,0,-1,0,0,0,0,0,0,0,0,0,0,27015,260,706,0,3,36241728,0,0,0,0,0
53772,6130900294268439629,Zagg Blindauge,,33658,65921,0,-1,0,0,0,0,0,0,0,0,0,0,27075,260,706,0,3,36241728,0,0,0,0,0
53773,-1,Nagaangriff!,,33659,66421,0,-1,0,0,0,0,0,0,0,0,0,0,27077,111,706,0,3,41484544,8192,0,0,0,0
53784,6130900294268439629,Belagerungsingenieur Krachbumm,,33670,65921,0,-1,0,0,0,0,0,0,0,0,0,0,27076,260,706,0,3,36241728,0,0,0,0,0
53803,6130900294268439629,Fist of Orgrimmar - TBD OLD PORTAL QUEST,,33687,65921,0,-1,0,0,0,0,0,0,0,0,0,0,3785,113,706,0,3,39387392,8192,0,0,0,0
53804,6130900294268439629,Dinomant Zakuru,,33688,65921,0,-1,0,0,0,0,0,0,0,0,0,0,27089,260,706,0,3,36241728,0,0,0,0,0
53808,-6184943489809468494,Kriechend zum Sieg,,33692,65921,0,-1,0,0,0,0,0,0,0,0,0,0,27002,259,706,0,3,40435968,8192,0,0,0,0
53812,6130900294268439629,Eine sorgfältig vorbereitete Falle,,33696,65921,0,-1,0,0,0,0,0,0,0,0,0,0,27092,260,706,0,3,36241728,0,0,0,0,0
53814,6130900294268439629,Rottenmeisterin Stahlzahn,,33698,65921,0,-1,0,0,0,0,0,0,0,0,0,0,27098,260,706,0,3,36241728,0,0,0,0,0
53832,-6184943489809468494,Gegensabotage,,33715,67264,0,-1,0,0,0,0,0,0,0,0,0,0,27014,259,706,0,3,40435968,8192,0,0,0,0
53857,6130900294268439629,Käpt'n Gorok,,33739,65921,0,-1,0,0,0,0,0,0,0,0,0,0,27110,260,706,0,3,36241728,0,0,0,0,0
53860,-6184943489809468494,Azerite Transport (NOT USED),,33742,0,0,-1,0,0,0,0,0,0,0,0,0,0,3785,113,706,0,3,36241664,0,0,0,0,0
53867,6130900294268439629,Ingenieur Bolzenhalt,,33749,65921,0,-1,0,0,0,0,0,0,0,0,0,0,27131,260,706,0,3,36241728,0,0,0,0,0
53874,-6184943489809468494,Ihre Wacht beenden,,33755,66632,0,-1,0,0,0,0,0,0,0,0,0,0,27439,109,464,0,3,34144256,0,0,0,0,0
53875,-6184943489809468494,Nebelfockfreibeuter für einen Tag,,33756,65921,0,-1,0,0,0,0,0,0,0,0,0,0,27145,259,706,0,3,40435968,8192,0,0,0,0
53877,6130900294268439629,Begegnung im Osten,,33757,65921,0,-1,0,0,0,0,0,0,0,0,0,0,27148,259,706,0,3,36241664,0,0,0,0,0
53878,-6184943489809468494,Notfallbefreiung,,33758,65921,0,-1,0,0,0,0,0,0,0,0,0,0,27078,259,706,0,3,36241664,0,0,0,0,0
53886,-6184943489809468494,Besichtigung auf eigene Faust,,33766,67268,0,-1,0,0,0,0,0,0,0,0,0,0,27152,259,706,0,3,40435968,8192,0,0,0,0
53945,-1,Nagaangriff!,,33836,66420,0,-1,0,0,0,0,0,0,0,0,0,0,27166,111,706,0,3,41484544,8192,0,0,0,0
53950,-6184943489809468494,Explosive Entlastung,,33826,67264,0,-1,0,0,0,0,0,0,0,0,0,0,27178,259,706,0,3,36241664,0,0,0,0,0
53951,6130900294268439629,Explosive Entlastung,,33827,65921,0,-1,0,0,0,0,0,0,0,0,0,0,27178,259,706,0,3,36241664,0,0,0,0,0
53963,-1,Nagaangriff!,,33837,66349,0,-1,0,0,0,0,0,0,0,0,0,0,27181,111,706,0,3,41484544,8192,0,0,0,0
53979,-1,Nagaangriff!,,33853,66339,0,-1,0,0,0,0,0,0,0,0,0,0,27209,111,706,0,3,41484544,8192,0,0,0,0
53983,-6184943489809468494,Nasse Sache: Fortneid,,33855,65921,0,-1,0,0,0,0,0,0,0,0,0,0,27210,259,706,0,3,36241664,0,0,0,0,0
53994,-1,Nagaangriff!,,33866,66419,0,-1,0,0,0,0,0,0,0,0,0,0,27238,111,706,0,3,41484544,8192,0,0,0,0
54011,-6184943489809468494,Nasse Sache: Aroms Wehr,,33882,67265,0,-1,0,0,0,0,0,0,0,0,0,0,27253,259,706,0,3,37290240,0,0,0,0,0
54014,6130900294268439629,Nasse Sache: Blutgetränkter Sand,,33885,65921,0,-1,0,0,0,0,0,0,0,0,0,0,27262,259,706,0,3,36241664,0,0,0,0,0
54016,-6184943489809468494,Azerittransport,,33887,65921,0,-1,0,0,0,0,0,0,0,0,0,0,27260,260,706,0,3,36241728,0,0,0,0,0
54017,6130900294268439629,Nasse Sache: Der Kriegsbestienkral,,33888,65921,0,-1,0,0,0,0,0,0,0,0,0,0,27259,259,706,0,3,37290240,0,0,0,0,0
54020,6130900294268439629,Nasse Sache: Der Trübwasserübergang,,33891,65921,0,-1,0,0,0,0,0,0,0,0,0,0,27256,259,706,0,3,36241664,0,0,0,0,0
54051,-1,Nagaangriff!,,33939,66341,0,-1,0,0,0,0,0,0,0,0,0,0,27306,111,706,0,3,41484544,8192,0,0,0,0
54060,-1,Nagaangriff!,,33944,66342,0,-1,0,0,0,0,0,0,0,0,0,0,27333,111,706,0,3,41484544,8192,0,0,0,0
54089,6130900294268439629,Omgar Unheilsbogen,,33973,65921,0,-1,0,0,0,0,0,0,0,0,0,0,27365,260,706,0,3,36241728,0,0,0,0,0
54091,-6184943489809468494,Jörn Starkarm,,33975,71588,0,-1,0,0,0,0,0,0,0,0,0,0,27366,260,706,0,3,36241728,0,0,0,0,0
54112,-6184943489809468494,Nebelwirkerin Nian,,33994,67264,0,-1,0,0,0,0,0,0,0,0,0,0,27375,260,706,0,3,36241728,0,0,0,0,0
54119,-6184943489809468494,Hartford Strengbach,,33996,67264,0,-1,0,0,0,0,0,0,0,0,0,0,27385,260,706,0,3,36241728,0,0,0,0,0
54127,6130900294268439629,Raketensprung,,34005,68084,0,-1,0,0,0,0,0,0,0,0,0,0,27421,259,706,0,3,41484608,8192,0,0,0,0
54129,6130900294268439629,Erster Maat Malle,,34007,65921,0,-1,0,0,0,0,0,0,0,0,0,0,27398,260,706,0,3,36241728,0,0,0,0,0
54143,6130900294268439629,Vogelperspektive,,34022,67187,0,-1,0,0,0,0,0,0,0,0,0,0,27409,259,706,0,3,40435968,8192,0,0,0,0
54154,-6184943489809468494,Die Hügel der lugenden Augen,,34027,65921,0,-1,0,0,0,0,0,0,0,0,0,0,27151,259,706,0,3,40435968,8192,0,0,0,0
54162,-6184943489809468494,Harte Landung,,34032,65921,0,-1,0,0,0,0,0,0,0,0,0,0,27150,259,706,0,3,40435968,8192,0,0,0,0
54166,-6184943489809468494,Segel setzen,,34036,21439,0,-1,0,0,0,0,0,0,0,0,0,0,0,109,289,0,3,34177280,0,2,0,0,0
54167,6130900294268439629,Segel setzen,,34036,21439,0,-1,0,0,0,0,0,0,0,0,0,0,0,109,289,0,3,34177280,0,2,0,0,0
54170,-6184943489809468494,Ormin Raketenklaps,,34039,65921,0,-1,0,0,0,0,0,0,0,0,0,0,27419,260,706,0,3,36241728,0,0,0,0,0
54182,6130900294268439629,Die Bilgewässer Prügelbrüder,,34047,65921,0,-1,0,0,0,0,0,0,0,0,0,0,27427,260,706,0,3,36241728,0,0,0,0,0
54187,6130900294268439629,Tee für zwei,,34052,55564,0,-1,0,0,0,0,0,0,0,0,0,0,27433,109,464,0,3,34144256,0,0,0,0,0
54188,6130900294268439629,Botstörung,,34053,65921,0,-1,0,0,0,0,0,0,0,0,0,0,27429,259,706,0,3,40435968,8192,0,0,0,0
54189,-6184943489809468494,Wüstenkriecherei,,34054,65921,0,-1,0,0,0,0,0,0,0,0,0,0,27429,259,706,0,3,40435968,8192,0,0,0,0
54190,-6184943489809468494,Tee für zwei,,34055,55564,0,-1,0,0,0,0,0,0,0,0,0,0,27433,109,464,0,3,34144256,0,0,0,0,0
54236,-1,Nagaangriff!,,34101,66416,0,-1,0,0,0,0,0,0,0,0,0,0,27456,111,706,0,3,41484544,8192,0,0,0,0
54237,6130900294268439629,Togoth Grobfaust,,34102,65921,0,-1,0,0,0,0,0,0,0,0,0,0,27446,260,706,0,3,36241728,0,0,0,0,0
54243,6130900294268439629,Auslöschung à la Goblin,,34107,66497,0,-1,0,0,0,0,0,0,0,0,0,0,27449,109,464,0,3,41615360,8192,0,0,0,0
54245,6130900294268439629,Azeritauseinandersetzung,,34109,65921,0,-1,0,0,0,0,0,0,0,0,0,0,27457,259,706,0,3,36241664,0,0,0,0,0
54246,-6184943489809468494,Azeritauseinandersetzung,,34110,65921,0,-1,0,0,0,0,0,0,0,0,0,0,27457,259,706,0,3,36241664,0,0,0,0,0
54251,-6184943489809468494,Der Botschafter,,34115,67264,0,-1,0,0,0,0,0,0,0,0,0,0,27464,260,706,0,3,36241728,0,0,0,0,0
54253,-6184943489809468494,Bomben los,,34117,65921,0,-1,0,0,0,0,0,0,0,0,0,0,27466,259,706,0,3,36241664,0,0,0,0,0
54254,6130900294268439629,Bomben los,,34118,65921,0,-1,0,0,0,0,0,0,0,0,0,0,27466,259,706,0,3,36241664,0,0,0,0,0
54257,-6184943489809468494,Kapitänin Grünsegel,,34121,67264,0,-1,0,0,0,0,0,0,0,0,0,0,27468,260,706,0,3,36241728,0,0,0,0,0
54266,6130900294268439629,Mörsermeister Zappfritz,,34130,65921,0,-1,0,0,0,0,0,0,0,0,0,0,27475,260,706,0,3,36241728,0,0,0,0,0
54267,-1,Nagaangriff!,,34131,66418,0,-1,0,0,0,0,0,0,0,0,0,0,27480,111,706,0,3,41484544,8192,0,0,0,0
54268,-6184943489809468494,Impulsivantrieb,,34132,66160,0,-1,0,0,0,0,0,0,0,0,0,0,27481,259,706,0,3,40435968,8192,0,0,0,0
54272,6130900294268439629,Kampfbots,,34136,65921,0,-1,0,0,0,0,0,0,0,0,0,0,27485,259,706,0,3,36241664,0,0,0,0,0
54273,-6184943489809468494,Kampfbots,,34137,65921,0,-1,0,0,0,0,0,0,0,0,0,0,27485,259,706,0,3,36241664,0,0,0,0,0
54281,6130900294268439629,Ballistenbombardierung,,34145,65921,0,-1,0,0,0,0,0,0,0,0,0,0,27495,259,706,0,3,40435968,8192,0,0,0,0
54287,-1,Nagaangriff!,,34151,66417,0,-1,0,0,0,0,0,0,0,0,0,0,27496,111,706,0,3,41484544,8192,0,0,0,0
54295,-6184943489809468494,Artilleriemeister Siegesfroh,,34159,67264,0,-1,0,0,0,0,0,0,0,0,0,0,27497,260,706,0,3,36241728,0,0,0,0,0
54298,6130900294268439629,Freier Fall,,34162,65921,0,-1,0,0,0,0,0,0,0,0,0,0,27150,259,706,0,3,40435968,8192,0,0,0,0
54308,-6184943489809468494,Tiefschürfende Angelegenheiten,,34172,65921,0,-1,0,0,0,0,0,0,0,0,0,0,27500,259,706,0,3,36241664,0,0,51696,0,0
54313,-6184943489809468494,Tracking Quest,,34176,0,0,-1,0,0,0,0,0,0,0,0,0,0,0,0,0,0,3,33621256,0,0,0,0,0
54314,-1,Tracking Quest,,34177,0,0,-1,0,0,0,0,0,0,0,0,0,0,0,0,0,0,3,33621256,0,0,0,0,0
54315,-1,Tracking Quest,,34178,0,0,-1,0,0,0,0,0,0,0,0,0,0,0,0,0,0,3,35718408,0,0,0,0,0
54316,-1,Tracking Quest,,34179,0,0,-1,0,0,0,0,0,0,0,0,0,0,0,0,0,0,3,33621256,0,0,0,0,0
54317,-1,Tracking Quest,,34180,0,0,-1,0,0,0,0,0,0,0,0,0,0,0,0,0,0,3,33621256,0,0,0,0,0
54318,-1,Tracking Quest,,34181,0,0,-1,0,0,0,0,0,0,0,0,0,0,0,0,0,0,3,33621256,0,0,0,0,0
54319,-1,Tracking Quest,,34182,0,0,-1,0,0,0,0,0,0,0,0,0,0,0,0,0,0,3,33621256,0,0,0,0,0
54322,-1,Tracking Quest,,34185,0,0,-1,0,0,0,0,0,0,0,0,0,0,0,0,0,0,3,35718408,0,0,0,0,0
54323,-1,Tracking Quest,,34186,0,0,-1,0,0,0,0,0,0,0,0,0,0,0,0,0,0,3,33621256,0,0,0,0,0
54324,-1,Tracking Quest,,34187,0,0,-1,0,0,0,0,0,0,0,0,0,0,0,0,0,0,3,33621256,0,0,0,0,0
54325,-1,Tracking Quest,,34188,0,0,-1,0,0,0,0,0,0,0,0,0,0,0,0,0,0,3,33621256,0,0,0,0,0
54326,-1,Tracking Quest,,34189,0,0,-1,0,0,0,0,0,0,0,0,0,0,0,0,0,0,3,33621256,0,0,0,0,0
54328,-6184943489809468494,Kürassier Josiph,,34191,65921,0,-1,0,0,0,0,0,0,0,0,0,0,27531,260,706,0,3,36241728,0,0,0,0,0
54399,-1,Tracking Quest,,34262,0,0,-1,0,0,0,0,0,0,0,0,0,0,0,0,0,0,3,33621256,0,0,0,0,0
54400,-1,Tracking Quest,,34263,0,0,-1,0,0,0,0,0,0,0,0,0,0,0,0,0,0,3,33621256,0,0,0,0,0
54401,-1,Tracking Quest,,34264,0,0,-1,0,0,0,0,0,0,0,0,0,0,0,0,0,0,3,33621256,0,0,0,0,0
54403,-6184943489809468494,Gezeitenweise Clarissa,,34266,65921,0,-1,0,0,0,0,0,0,0,0,0,0,27601,260,706,0,3,36241728,0,0,0,0,0
54414,-6184943489809468494,Die Windesunruh,,34277,65921,0,-1,0,0,0,0,0,0,0,0,0,0,27603,259,706,0,3,36241664,0,0,0,0,0
54415,-6184943489809468494,Vulpera für einen Tag,,34278,65921,0,-1,0,0,0,0,0,0,0,0,0,0,27708,259,706,0,3,40435968,8192,0,0,0,0
54434,-6184943489809468494,Leerenmeister Schattenfall,,34297,65921,0,-1,0,0,0,0,0,0,0,0,0,0,27602,260,706,0,3,36241728,0,0,0,0,0
54437,-6184943489809468494,Owynn Graddock,,34299,65921,0,-1,0,0,0,0,0,0,0,0,0,0,27608,260,706,0,3,36241728,0,0,0,0,0
54442,-6184943489809468494,Bestienzähmer Watteck,,34303,65921,0,-1,0,0,0,0,0,0,0,0,0,0,27613,260,706,0,3,36241728,0,0,0,0,0
54448,-6184943489809468494,Elementares Azerit,,34309,67265,0,-1,0,0,0,0,0,0,0,0,0,0,27621,259,706,0,3,36241664,0,0,0,0,0
54449,6130900294268439629,Elementares Azerit,,34310,67282,0,-1,0,0,0,0,0,0,0,0,0,0,27621,259,706,0,3,36241664,0,0,0,0,0
54467,-6184943489809468494,Zerstörtes Erbe,,34316,67254,0,-1,0,0,0,0,0,0,0,0,0,0,28036,109,691,0,3,34144512,0,0,51722,0,0
54468,-6184943489809468494,Nalaess Federsucher,,34317,65921,0,-1,0,0,0,0,0,0,0,0,0,0,27622,260,706,0,3,36241728,0,0,0,0,0
54471,6130900294268439629,Pflege für die Verwundeten,,34319,65921,0,-1,0,0,0,0,0,0,0,0,0,0,27625,259,706,0,3,36241664,0,0,0,0,0
54472,-6184943489809468494,Pflügen ist Trumpf,,34320,67265,0,-1,0,0,0,0,0,0,0,0,0,0,27625,259,706,0,3,36241664,0,0,0,0,0
54488,6130900294268439629,Zul'aki der Kopfjäger,,34330,65921,0,-1,0,0,0,0,0,0,0,0,0,0,27626,260,706,0,3,36241728,0,0,0,0,0
54496,-6184943489809468494,Seehunde!,,34338,67254,0,-1,0,0,0,0,0,0,0,0,0,0,28037,109,691,0,3,34144512,0,0,51722,0,0
54497,-6184943489809468494,Eine gefährliche Kombination,,34339,67254,0,-1,0,0,0,0,0,0,0,0,0,0,28038,109,691,0,3,34144512,0,0,51722,0,0
54498,6130900294268439629,Frachteskorte,,34340,65921,0,-1,0,0,0,0,0,0,0,0,0,0,27639,259,706,0,3,36241664,0,0,0,0,0
54499,-6184943489809468494,Rituale des Zwielichts,,34341,67254,0,-1,0,0,0,0,0,0,0,0,0,0,28039,109,691,0,3,34144512,0,0,51722,0,0
54500,6130900294268439629,Unangezapftes Potential,,34342,65921,0,-1,0,0,0,0,0,0,0,0,0,0,27635,259,706,0,3,36241664,0,0,0,0,0
54502,-6184943489809468494,Es regnet Mana,,34342,67268,0,-1,0,0,0,0,0,0,0,0,0,0,27635,259,706,0,3,36241664,0,0,0,0,0
54503,-6184943489809468494,Meine kleine Gang,,34343,67268,0,-1,0,0,0,0,0,0,0,0,0,0,27641,259,706,0,3,40435968,8192,0,0,0,0
54504,6130900294268439629,Späherhauptmann Quengelknopf,,34344,65921,0,-1,0,0,0,0,0,0,0,0,0,0,27642,260,706,0,3,36241728,0,0,0,0,0
54505,-6184943489809468494,Frachttransport,,34345,65921,0,-1,0,0,0,0,0,0,0,0,0,0,27643,259,706,0,3,36241664,0,0,0,0,0
54506,-6184943489809468494,Pilzbefall,,34346,67265,0,-1,0,0,0,0,0,0,0,0,0,0,27644,259,706,0,3,36241664,0,0,0,0,0
54507,6130900294268439629,Pilzbefall,,34347,65921,0,-1,0,0,0,0,0,0,0,0,0,0,27644,259,706,0,3,36241664,0,0,0,0,0
54508,6130900294268439629,Brücken schlagen,,34348,65921,0,-1,0,0,0,0,0,0,0,0,0,0,27646,260,706,0,3,36241728,0,0,0,0,0
54509,-6184943489809468494,Spitze des Dreizacks,,34349,67254,0,-1,0,0,0,0,0,0,0,0,0,0,28040,109,691,0,3,34144512,0,0,51722,0,0
54511,6130900294268439629,Tod den Todeshauptmännern!,,34351,65921,0,-1,0,0,0,0,0,0,0,0,0,0,27648,260,706,0,3,36241728,0,0,0,0,0
54512,6130900294268439629,Reinigende Flut,,34352,65921,0,-1,0,0,0,0,0,0,0,0,0,0,27649,259,706,0,3,40435968,0,0,0,0,0
54513,6130900294268439629,Dinozeit!,,34353,65921,0,-1,0,0,0,0,0,0,0,0,0,0,27654,260,706,0,3,36241728,0,0,0,0,0
54514,-6184943489809468494,Gefangene der Dunkelschuppen,,34354,67254,0,-1,0,0,0,0,0,0,0,0,0,0,28041,109,691,0,3,34144512,0,0,51722,0,0
54515,6130900294268439629,Gezeitenbinder Maka,,34355,65921,0,-1,0,0,0,0,0,0,0,0,0,0,27655,260,706,0,3,36241728,0,0,0,0,0
54516,-6184943489809468494,Kisten klauben,,34357,65921,0,-1,0,0,0,0,0,0,0,0,0,0,27657,259,706,0,3,40435968,8192,0,0,0,0
54520,-6184943489809468494,Angesengte Schösslinge,,34360,67254,0,-1,0,0,0,0,0,0,0,0,0,0,28042,109,691,0,3,34144512,0,0,51722,0,0
54521,-6184943489809468494,Gestohlene Hexerei,,34361,67254,0,-1,0,0,0,0,0,0,0,0,0,0,28043,109,691,0,3,34144512,0,0,51722,0,0
54522,-6184943489809468494,Klein für einen Orc,,34362,65921,0,-1,0,0,0,0,0,0,0,0,0,0,27665,260,706,0,3,36241728,0,0,0,0,0
54523,-6184943489809468494,Blinky Funkendings,,34363,65921,0,-1,0,0,0,0,0,0,0,0,0,0,27666,260,706,0,3,36241728,0,0,0,0,0
54524,6130900294268439629,Kisten klauben,,34364,65921,0,-1,0,0,0,0,0,0,0,0,0,0,27657,259,706,0,3,40435968,8192,0,0,0,0
54525,-1,Tracking Quest,,34365,0,0,-1,0,0,0,0,0,0,0,0,0,0,0,259,0,0,3,34149632,0,0,0,0,0
54526,-1,Tracking Quest,,34366,0,0,-1,0,0,0,0,0,0,0,0,0,0,0,259,0,0,3,34149632,0,0,0,0,0
54527,-6184943489809468494,Dinojäger Wildbart,,34367,65921,0,-1,0,0,0,0,0,0,0,0,0,0,27671,260,706,0,3,36241728,0,0,0,0,0
54528,-6184943489809468494,Zurück in die Tiefen,,34368,67254,0,-1,0,0,0,0,0,0,0,0,0,0,28044,109,691,0,3,34144512,0,0,51722,0,0
54531,-6184943489809468494,"Alles, was wir retten können",,34370,67254,0,-1,0,0,0,0,0,0,0,0,0,0,28045,109,691,0,3,34144512,0,0,51722,0,0
54532,-6184943489809468494,Kahlschlag,,34371,65921,0,-1,0,0,0,0,0,0,0,0,0,0,27678,260,706,0,3,36241728,0,0,0,0,0
54533,6130900294268439629,Kommt ein Fässlein geflogen,,34372,65921,0,-1,0,0,0,0,0,0,0,0,0,0,27682,259,706,0,3,36241664,0,0,0,0,0
54534,-6184943489809468494,Ein Hauch von Verseuchung,,34373,67268,0,-1,0,0,0,0,0,0,0,0,0,0,27682,259,706,0,3,40435968,0,0,0,0,0
54535,-6184943489809468494,Portalhüter Romiir,,34374,65921,0,-1,0,0,0,0,0,0,0,0,0,0,27683,260,706,0,3,36241728,0,0,0,0,0
54536,-6184943489809468494,Öl ins Feuer,,34375,67254,0,-1,0,0,0,0,0,0,0,0,0,0,28046,109,691,0,3,34144512,8192,0,51722,0,0
54537,6130900294268439629,Gallenstampfer,,34376,65921,0,-1,0,0,0,0,0,0,0,0,0,0,27688,260,706,0,3,36241728,0,0,0,0,0
54538,-6184943489809468494,Übergriff am Übergang,,34377,67268,0,-1,0,0,0,0,0,0,0,0,0,0,27691,259,706,0,3,36241664,0,0,0,0,0
54539,6130900294268439629,Übergriff am Übergang,,34378,65921,0,-1,0,0,0,0,0,0,0,0,0,0,27691,259,706,0,3,36241664,0,0,0,0,0
54540,6130900294268439629,Verdammnisreiter Helgrim,,34379,66544,0,-1,0,0,0,0,0,0,0,0,0,0,27699,135,691,0,3,37290048,0,0,0,0,0
54541,-6184943489809468494,Kürassier Aldrin,,34380,66543,0,-1,0,0,0,0,0,0,0,0,0,0,27699,135,691,0,3,37290048,0,0,0,0,0
54542,-6184943489809468494,Schreckliche Erscheinung,,34381,66543,0,-1,0,0,0,0,0,0,0,0,0,0,27698,135,691,0,3,37290048,0,0,0,0,0
54543,-6184943489809468494,Menschenjäger Rog,,34382,66543,0,-1,0,0,0,0,0,0,0,0,0,0,27702,135,691,0,3,37290048,0,0,0,0,0
54544,-6184943489809468494,Bestienreiter Kama,,34383,66543,0,-1,0,0,0,0,0,0,0,0,0,0,27694,135,691,0,3,37290048,0,0,0,0,0
54545,-6184943489809468494,Nimar der Töter,,34384,66543,0,-1,0,0,0,0,0,0,0,0,0,0,27703,135,691,0,3,37290048,0,0,0,0,0
54546,-6184943489809468494,Sängerin,,34385,66543,0,-1,0,0,0,0,0,0,0,0,0,0,27705,135,691,0,3,37290048,0,0,0,0,0
54547,-6184943489809468494,Darbel Montrose,,34386,66543,0,-1,0,0,0,0,0,0,0,0,0,0,27695,135,691,0,3,37290048,0,0,0,0,0
54548,-6184943489809468494,Faulbauch,,34387,66543,0,-1,0,0,0,0,0,0,0,0,0,0,27696,135,691,0,3,37290048,0,0,0,0,0
54549,-6184943489809468494,Kovork,,34388,66543,0,-1,0,0,0,0,0,0,0,0,0,0,27701,135,691,0,3,37290048,0,0,0,0,0
54550,-6184943489809468494,Ruul Zweistein,,34389,66543,0,-1,0,0,0,0,0,0,0,0,0,0,27704,135,691,0,3,37290048,0,0,0,0,0
54551,-6184943489809468494,Zalas Bleichborke,,34390,66543,0,-1,0,0,0,0,0,0,0,0,0,0,27706,135,691,0,3,37290048,0,0,0,0,0
54552,-6184943489809468494,Geomant Flintdolch,,34391,66543,0,-1,0,0,0,0,0,0,0,0,0,0,27697,135,691,0,3,37290048,0,0,0,0,0
54553,-6184943489809468494,Kor'gresh Frostzorn,,34392,66543,0,-1,0,0,0,0,0,0,0,0,0,0,27700,135,691,0,3,37290048,0,0,0,0,0
54554,6130900294268439629,Wolfsanführer Skraug,,34393,65921,0,-1,0,0,0,0,0,0,0,0,0,0,27707,260,706,0,3,36241728,0,0,0,0,0
54555,6130900294268439629,Belager-o-matik 9000,,34394,65921,0,-1,0,0,0,0,0,0,0,0,0,0,27709,260,706,0,3,36241728,0,0,0,0,0
54561,6130900294268439629,Zalas Bleichborke,,34390,66544,0,-1,0,0,0,0,0,0,0,0,0,0,27706,135,691,0,3,37290048,0,0,0,0,0
54562,6130900294268439629,Sängerin,,34385,66544,0,-1,0,0,0,0,0,0,0,0,0,0,27705,135,691,0,3,37290048,0,0,0,0,0
54563,6130900294268439629,Ruul Zweistein,,34389,66544,0,-1,0,0,0,0,0,0,0,0,0,0,27704,135,691,0,3,37290048,0,0,0,0,0
54564,6130900294268439629,Nimar der Töter,,34384,66544,0,-1,0,0,0,0,0,0,0,0,0,0,27703,135,691,0,3,37290048,0,0,0,0,0
54565,6130900294268439629,Menschenjäger Rog,,34382,66544,0,-1,0,0,0,0,0,0,0,0,0,0,27702,135,691,0,3,37290048,0,0,0,0,0
54566,6130900294268439629,Kovork,,34388,66544,0,-1,0,0,0,0,0,0,0,0,0,0,27701,135,691,0,3,37290048,0,0,0,0,0
54567,6130900294268439629,Kor'gresh Frostzorn,,34392,66544,0,-1,0,0,0,0,0,0,0,0,0,0,27700,135,691,0,3,37290048,0,0,0,0,0
54568,-6184943489809468494,Zweigfürst Aldrus,,34400,66543,0,-1,0,0,0,0,0,0,0,0,0,0,27693,136,691,0,3,37289984,0,0,0,0,0
54569,6130900294268439629,Schreckliche Erscheinung,,34381,66544,0,-1,0,0,0,0,0,0,0,0,0,0,27698,135,691,0,3,37290048,0,0,0,0,0
54570,6130900294268439629,Geomant Flintdolch,,34391,66544,0,-1,0,0,0,0,0,0,0,0,0,0,27697,135,691,0,3,37290048,0,0,0,0,0
54571,6130900294268439629,Faulbauch,,34387,66544,0,-1,0,0,0,0,0,0,0,0,0,0,27696,135,691,0,3,37290048,0,0,0,0,0
54572,6130900294268439629,Darbel Montrose,,34386,66544,0,-1,0,0,0,0,0,0,0,0,0,0,27695,135,691,0,3,37290048,0,0,0,0,0
54573,6130900294268439629,Bestienreiter Kama,,34383,66544,0,-1,0,0,0,0,0,0,0,0,0,0,27694,135,691,0,3,37290048,0,0,0,0,0
54574,6130900294268439629,Jin'tago,,34397,65921,0,-1,0,0,0,0,0,0,0,0,0,0,27710,260,706,0,3,36241728,0,0,0,0,0
54578,6130900294268439629,Zweigfürst Aldrus,,34400,66544,0,-1,0,0,0,0,0,0,0,0,0,0,27693,136,691,0,3,37289984,0,0,0,0,0
54583,-6184943489809468494,Brennender Goliath,,34405,66543,0,-1,0,0,0,0,0,0,0,0,0,0,27711,136,691,0,3,37289984,0,0,0,0,0
54584,-6184943489809468494,Überschäumender Goliath,,34406,66543,0,-1,0,0,0,0,0,0,0,0,0,0,27712,136,691,0,3,37289984,0,0,0,0,0
54585,-6184943489809468494,Echo von Myzrael,,34407,66543,0,-1,0,0,0,0,0,0,0,0,0,0,27713,136,691,0,3,37289984,0,0,0,0,0
54586,-6184943489809468494,Fozruk,,34408,66543,0,-1,0,0,0,0,0,0,0,0,0,0,27714,136,691,0,3,37289984,0,0,0,0,0
54587,-6184943489809468494,Molok der Zermalmer,,34409,66543,0,-1,0,0,0,0,0,0,0,0,0,0,27715,136,691,0,3,37289984,0,0,0,0,0
54588,-6184943489809468494,Aufseher Krix,,34410,66543,0,-1,0,0,0,0,0,0,0,0,0,0,27716,136,691,0,3,37289984,0,0,0,0,0
54589,-6184943489809468494,Seuchenfeder,,34411,66543,0,-1,0,0,0,0,0,0,0,0,0,0,27717,136,691,0,3,37289984,0,0,0,0,0
54590,-6184943489809468494,Zornschnabel,,34412,66543,0,-1,0,0,0,0,0,0,0,0,0,0,27718,136,691,0,3,37289984,0,0,0,0,0
54591,-6184943489809468494,Grollender Goliath,,34413,66543,0,-1,0,0,0,0,0,0,0,0,0,0,27719,136,691,0,3,37289984,0,0,0,0,0
54592,-6184943489809468494,Schädelreißer,,34414,66543,0,-1,0,0,0,0,0,0,0,0,0,0,27720,136,691,0,3,37289984,0,0,0,0,0
54593,-6184943489809468494,Donnernder Goliath,,34415,66543,0,-1,0,0,0,0,0,0,0,0,0,0,27721,136,691,0,3,37289984,0,0,0,0,0
54594,-6184943489809468494,Venomarus,,34416,66543,0,-1,0,0,0,0,0,0,0,0,0,0,27722,136,691,0,3,37289984,0,0,0,0,0
54595,-6184943489809468494,Yogursa,,34417,66543,0,-1,0,0,0,0,0,0,0,0,0,0,27723,136,691,0,3,37289984,0,0,0,0,0
54596,6130900294268439629,Yogursa,,34417,66544,0,-1,0,0,0,0,0,0,0,0,0,0,27723,136,691,0,3,37289984,0,0,0,0,0
54597,6130900294268439629,Venomarus,,34416,66544,0,-1,0,0,0,0,0,0,0,0,0,0,27722,136,691,0,3,37289984,0,0,0,0,0
54598,6130900294268439629,Donnernder Goliath,,34415,66544,0,-1,0,0,0,0,0,0,0,0,0,0,27721,136,691,0,3,37289984,0,0,0,0,0
54599,6130900294268439629,Schädelreißer,,34414,66544,0,-1,0,0,0,0,0,0,0,0,0,0,27720,136,691,0,3,37289984,0,0,0,0,0
54600,6130900294268439629,Grollender Goliath,,34413,66544,0,-1,0,0,0,0,0,0,0,0,0,0,27719,136,691,0,3,37289984,0,0,0,0,0
54601,6130900294268439629,Zornschnabel,,34412,66544,0,-1,0,0,0,0,0,0,0,0,0,0,27718,136,691,0,3,37289984,0,0,0,0,0
54602,6130900294268439629,Seuchenfeder,,34411,66544,0,-1,0,0,0,0,0,0,0,0,0,0,27717,136,691,0,3,37289984,0,0,0,0,0
54603,6130900294268439629,Aufseher Krix,,34410,66544,0,-1,0,0,0,0,0,0,0,0,0,0,27716,136,691,0,3,37289984,0,0,0,0,0
54604,6130900294268439629,Molok der Zermalmer,,34409,66544,0,-1,0,0,0,0,0,0,0,0,0,0,27715,136,691,0,3,37289984,0,0,0,0,0
54605,6130900294268439629,Fozruk,,34408,66544,0,-1,0,0,0,0,0,0,0,0,0,0,27714,136,691,0,3,37289984,0,0,0,0,0
54606,6130900294268439629,Echo von Myzrael,,34407,66544,0,-1,0,0,0,0,0,0,0,0,0,0,27713,136,691,0,3,37289984,0,0,0,0,0
54607,6130900294268439629,Überschäumender Goliath,,34406,66544,0,-1,0,0,0,0,0,0,0,0,0,0,27712,136,691,0,3,37289984,0,0,0,0,0
54608,6130900294268439629,Brennender Goliath,,34405,66544,0,-1,0,0,0,0,0,0,0,0,0,0,27711,136,691,0,3,37289984,0,0,0,0,0
54609,6130900294268439629,Abrichterin Drakara,,34418,65921,0,-1,0,0,0,0,0,0,0,0,0,0,27724,260,706,0,3,36241728,0,0,0,0,0
54612,-6184943489809468494,Blut und Asche,,34419,67254,0,-1,0,0,0,0,0,0,0,0,0,0,28047,109,691,0,3,34144512,0,0,51722,0,0
54613,-6184943489809468494,Doppelt verbannt hält besser,,34420,66543,0,-1,0,0,0,0,0,0,0,0,0,0,27746,109,691,0,3,3735552,0,0,0,0,0
54614,-6184943489809468494,Exorzismus durchführen,,34421,66543,0,-1,0,0,0,0,0,0,0,0,0,0,27747,109,691,0,3,589824,0,0,0,0,0
54615,-6184943489809468494,Der Bund wird verlieren,,34422,66543,0,-1,0,0,0,0,0,0,0,0,0,0,27745,109,691,0,3,12124160,0,0,0,0,0
54616,-6184943489809468494,Faust um Faust,,34423,66543,0,-1,0,0,0,0,0,0,0,0,0,0,27748,109,691,0,3,3735552,0,0,0,0,0
54617,-6184943489809468494,Die Sünden des Syndikats,,34424,66543,0,-1,0,0,0,0,0,0,0,0,0,0,27749,109,691,0,3,3735552,0,0,0,0,0
54619,-6184943489809468494,Bleichborken beseitigen,,34425,66543,0,-1,0,0,0,0,0,0,0,0,0,0,27750,109,691,0,3,3735552,0,0,0,0,0
54620,6130900294268439629,Tod den Entweihten,,34426,66544,0,-1,0,0,0,0,0,0,0,0,0,0,27745,109,691,0,3,3735552,0,0,0,0,0
54621,6130900294268439629,Doppelt verbannt hält besser,,34427,66544,0,-1,0,0,0,0,0,0,0,0,0,0,27746,109,691,0,3,3735552,0,0,0,0,0
54622,6130900294268439629,Exorzismus durchführen,,34428,66544,0,-1,0,0,0,0,0,0,0,0,0,0,27747,109,691,0,3,589824,0,0,0,0,0
54623,6130900294268439629,Faust um Faust,,34429,66544,0,-1,0,0,0,0,0,0,0,0,0,0,27748,109,691,0,3,3735552,0,0,0,0,0
54624,6130900294268439629,Die Sünden des Syndikats,,34430,66544,0,-1,0,0,0,0,0,0,0,0,0,0,27749,109,691,0,3,3735552,0,0,0,0,0
54625,6130900294268439629,Bleichborken beseitigen,,34431,66544,0,-1,0,0,0,0,0,0,0,0,0,0,27750,109,691,0,3,3735552,0,0,0,0,0
54636,6130900294268439629,Sandbinder Sodir,,34432,65921,0,-1,0,0,0,0,0,0,0,0,0,0,27726,260,706,0,3,36241728,0,0,0,0,0
54638,6130900294268439629,Trommelschlägerei,,34433,65921,0,-1,0,0,0,0,0,0,0,0,0,0,27727,260,706,0,3,36241728,0,0,0,0,0
54643,-6184943489809468494,Evezon der Ewige,,34439,65921,0,-1,0,0,0,0,0,0,0,0,0,0,27730,260,706,0,3,36241728,0,0,0,0,0
54644,-6184943489809468494,Azerittransport,,34440,65921,0,-1,0,0,0,0,0,0,0,0,0,0,27737,260,706,0,3,36241728,0,0,0,0,0
54645,-6184943489809468494,Zorn der Erde,,34441,65921,0,-1,0,0,0,0,0,0,0,0,0,0,27738,260,706,0,3,36241728,0,0,0,0,0
54646,-6184943489809468494,Großmarschall Furon,,34442,65921,0,-1,0,0,0,0,0,0,0,0,0,0,27743,260,706,0,3,36241728,0,0,0,0,0
54647,6130900294268439629,Bierische Absichten,,34443,67187,0,-1,0,0,0,0,0,0,0,0,0,0,27744,259,706,0,3,36241664,0,0,0,0,0
54648,-6184943489809468494,Rückstrom der Kaldorei,,34444,67254,0,-1,0,0,0,0,0,0,0,0,0,0,28048,109,691,0,3,36241664,0,0,51722,0,0
54649,-6184943489809468494,Flammen des Krieges,,34445,65921,0,-1,0,0,0,0,0,0,0,0,0,0,27751,260,706,0,3,36241728,0,0,0,0,0
54650,6130900294268439629,Muk'luk,,34446,65921,0,-1,0,0,0,0,0,0,0,0,0,0,27634,260,706,0,3,36241728,0,0,0,0,0
54662,6130900294268439629,Ans Licht gebracht,,34456,67187,0,-1,0,0,0,0,0,0,0,0,0,0,27754,259,706,0,3,40435968,8192,0,0,0,0
54663,6130900294268439629,Schattenjäger Vol'tris,,34457,65921,0,-1,0,0,0,0,0,0,0,0,0,0,27757,260,706,0,3,36241728,0,0,0,0,0
54664,-6184943489809468494,Azerittransport,,34458,67268,0,-1,0,0,0,0,0,0,0,0,0,0,27759,260,706,0,3,36241728,0,0,0,0,0
54665,6130900294268439629,Herzogin Todessang,,34459,67187,0,-1,0,0,0,0,0,0,0,0,0,0,27760,260,706,0,3,36241728,0,0,0,0,0
54666,6130900294268439629,Rudelmeister Flinkpfeil,,34460,65921,0,-1,0,0,0,0,0,0,0,0,0,0,27758,260,706,0,3,36241728,0,0,0,0,0
54667,6130900294268439629,Zerstörtes Erbe,,34461,67252,0,-1,0,0,0,0,0,0,0,0,0,0,28036,109,691,0,3,34144512,0,0,51722,0,0
54668,6130900294268439629,Raus aus der Mine,,34462,67252,0,-1,0,0,0,0,0,0,0,0,0,0,28037,109,691,0,3,34144512,0,0,51722,0,0
54669,6130900294268439629,Eine gefährliche Kombination,,34463,67252,0,-1,0,0,0,0,0,0,0,0,0,0,28038,109,691,0,3,34144512,0,0,51722,0,0
54671,-6184943489809468494,Überwuchertes Urtum,,34464,67268,0,-1,0,0,0,0,0,0,0,0,0,0,27761,260,706,0,3,36241728,0,0,0,0,0
54672,6130900294268439629,Rituale des Zwielichts,,34465,67252,0,-1,0,0,0,0,0,0,0,0,0,0,28039,109,691,0,3,34144512,0,0,51722,0,0
54673,6130900294268439629,Spitze des Dreizacks,,34466,67252,0,-1,0,0,0,0,0,0,0,0,0,0,28040,109,691,0,3,34144512,0,0,51722,0,0
54674,6130900294268439629,Gefangene der Dunkelschuppen,,34467,67252,0,-1,0,0,0,0,0,0,0,0,0,0,28041,109,691,0,3,34144512,0,0,51722,0,0
54675,6130900294268439629,Jagdsaison,,34468,67252,0,-1,0,0,0,0,0,0,0,0,0,0,28042,109,691,0,3,34144512,0,0,51722,0,0
54676,6130900294268439629,Splitter von Narassin,,34469,67252,0,-1,0,0,0,0,0,0,0,0,0,0,28043,109,691,0,3,34144512,0,0,51722,0,0
54677,6130900294268439629,Zurück in die Tiefen,,34470,67252,0,-1,0,0,0,0,0,0,0,0,0,0,28044,109,691,0,3,34144512,0,0,51722,0,0
54678,6130900294268439629,"Alles, was wir retten können",,34471,67252,0,-1,0,0,0,0,0,0,0,0,0,0,28045,109,691,0,3,34144512,0,0,51722,0,0
54679,6130900294268439629,Öl ins Feuer,,34472,67252,0,-1,0,0,0,0,0,0,0,0,0,0,28046,109,691,0,3,34144512,8192,0,51722,0,0
54680,6130900294268439629,Seuchenmeister Herbert,,34473,65921,0,-1,0,0,0,0,0,0,0,0,0,0,27763,260,706,0,3,36241728,0,0,0,0,0
54681,-6184943489809468494,Azeritkarawane,,34474,67265,0,-1,0,0,0,0,0,0,0,0,0,0,27762,260,706,0,3,36241728,0,0,0,0,0
54684,6130900294268439629,Arkanist Quintril,,34476,65921,0,-1,0,0,0,0,0,0,0,0,0,0,27765,260,706,0,3,36241728,0,0,0,0,0
54685,-6184943489809468494,Sie lieben Eisen,,34477,65921,0,-1,0,0,0,0,0,0,0,0,0,0,27767,259,706,0,3,36241664,0,0,0,0,0
54686,-6184943489809468494,Medizinischer Notfall,,34478,67265,0,-1,0,0,0,0,0,0,0,0,0,0,27768,260,706,0,3,36241728,0,0,0,0,0
54688,-6184943489809468494,Inquisitor Erik,,34480,67265,0,-1,0,0,0,0,0,0,0,0,0,0,27772,260,706,0,3,36241728,0,0,0,0,0
54689,-6184943489809468494,Licht aus,,34481,65921,0,-1,0,0,0,0,0,0,0,0,0,0,27775,259,706,0,3,40435968,8192,0,0,0,0
54690,-6184943489809468494,Maddok der Scharfschütze,,34482,67265,0,-1,0,0,0,0,0,0,0,0,0,0,27774,260,706,0,3,36241728,0,0,0,0,0
54691,6130900294268439629,Braumeister Lin,,34483,65921,0,-1,0,0,0,0,0,0,0,0,0,0,27780,260,706,0,3,36241728,0,0,0,0,0
54692,-6184943489809468494,Magistrix Kristalynn,,34484,67265,0,-1,0,0,0,0,0,0,0,0,0,0,27779,260,706,0,3,36241728,0,0,0,0,0
54693,6130900294268439629,Pterror der Horde,,34485,65921,0,-1,0,0,0,0,0,0,0,0,0,0,27781,260,706,0,3,36241728,0,0,0,0,0
54694,6130900294268439629,Sturmruferin Morka,,34486,65921,0,-1,0,0,0,0,0,0,0,0,0,0,27786,260,706,0,3,36241728,0,0,0,0,0
54697,-6184943489809468494,Lichtgeschmiedete Kriegspanzerung,,34489,67268,0,-1,0,0,0,0,0,0,0,0,0,0,27792,260,706,0,3,36241728,0,0,0,0,0
54698,6130900294268439629,Zersplitternde Speere,,34490,67252,0,-1,0,0,0,0,0,0,0,0,0,0,28051,109,691,0,3,34144512,8192,0,51722,0,0
54699,-6184943489809468494,Klassische Gnomeningenieurskunst,,34491,67268,0,-1,0,0,0,0,0,0,0,0,0,0,27793,260,706,0,3,36241728,0,0,0,0,0
54700,-6184943489809468494,Thomas Vandergrief,,34492,67268,0,-1,0,0,0,0,0,0,0,0,0,0,27795,260,706,0,3,36241728,0,0,0,0,0
54701,-6184943489809468494,Zorn des Ravasaurus,,34493,65921,0,-1,0,0,0,0,0,0,0,0,0,0,27811,259,706,0,3,36241664,0,0,0,0,0
54707,-6184943489809468494,Belagertron,,34498,67268,0,-1,0,0,0,0,0,0,0,0,0,0,27796,260,706,0,3,36241728,0,0,0,0,0
54711,-6184943489809468494,Zillie Wunderzange und Grizzwald,,34502,67265,0,-1,0,0,0,0,0,0,0,0,0,0,27798,260,706,0,3,36241728,0,0,0,0,0
54712,6130900294268439629,Zauberkomponenten,,34503,65921,0,-1,0,0,0,0,0,0,0,0,0,0,27811,259,706,0,3,36241664,0,0,0,0,0
54714,-1,Tracking Quest,,34505,0,0,-1,0,0,0,0,0,0,0,0,0,0,0,0,0,0,3,33621256,0,0,0,0,0
54715,-1,Tracking Quest,,34506,0,0,-1,0,0,0,0,0,0,0,0,0,0,0,0,0,0,3,33621256,0,0,0,0,0
54716,-1,Tracking Quest,,34507,0,0,-1,0,0,0,0,0,0,0,0,0,0,0,0,0,0,3,33621256,0,0,0,0,0
54717,-1,Tracking Quest,,34508,0,0,-1,0,0,0,0,0,0,0,0,0,0,0,0,0,0,3,33621256,0,0,0,0,0
54718,-1,Tracking Quest,,34509,0,0,-1,0,0,0,0,0,0,0,0,0,0,0,0,0,0,3,33621256,0,0,0,0,0
54719,-6184943489809468494,Worgen in der Erzmine,,34510,67254,0,-1,0,0,0,0,0,0,0,0,0,0,28049,109,691,0,3,34144512,0,0,51722,0,0
54720,-1,Tracking Quest,,34511,0,0,-1,0,0,0,0,0,0,0,0,0,0,0,0,0,0,3,33621256,0,0,0,0,0
54722,-6184943489809468494,Das Blatt wenden,,34513,67254,0,-1,0,0,0,0,0,0,0,0,0,0,28050,109,691,0,3,36241664,0,0,51722,0,0
54724,-6184943489809468494,Schluss mit den Schwarzfellen,,34515,67254,0,-1,0,0,0,0,0,0,0,0,0,0,28051,109,691,0,3,34144512,0,0,51722,0,0
54769,-1,Tracking Quest,,34558,0,0,-1,0,0,0,0,0,0,0,0,0,0,0,0,0,0,3,33621256,0,0,0,0,0
54771,-1,Tracking Quest,,34560,0,0,-1,0,0,0,0,0,0,0,0,0,0,0,0,0,0,3,33621256,0,0,0,0,0
54772,-1,Tracking Quest,,34561,0,0,-1,0,0,0,0,0,0,0,0,0,0,0,0,0,0,3,33621256,0,0,0,0,0
54773,-1,Tracking Quest,,34562,0,0,-1,0,0,0,0,0,0,0,0,0,0,0,0,0,0,3,33621256,0,0,0,0,0
54774,-1,Tracking Quest,,34563,0,0,-1,0,0,0,0,0,0,0,0,0,0,0,0,0,0,3,33621256,0,0,0,0,0
54775,-1,Tracking Quest,,34564,0,0,-1,0,0,0,0,0,0,0,0,0,0,0,0,0,0,3,33621256,0,0,0,0,0
54776,-1,Tracking Quest,,34565,0,0,-1,0,0,0,0,0,0,0,0,0,0,0,0,0,0,3,33621256,0,0,0,0,0
54777,-1,Tracking Quest,,34566,0,0,-1,0,0,0,0,0,0,0,0,0,0,0,0,0,0,3,35718408,0,0,0,0,0
54778,-1,Tracking Quest,,34567,0,0,-1,0,0,0,0,0,0,0,0,0,0,0,0,0,0,3,35718408,0,0,0,0,0
54779,-1,Tracking Quest,,34568,0,0,-1,0,0,0,0,0,0,0,0,0,0,0,0,0,0,3,33621256,0,0,0,0,0
54780,-1,Tracking Quest,,34569,0,0,-1,0,0,0,0,0,0,0,0,0,0,0,0,0,0,3,33621256,0,0,0,0,0
54782,-6184943489809468494,Tracking Quest,,34571,0,0,-1,0,0,0,0,0,0,0,0,0,0,0,0,0,0,3,33621256,0,0,0,0,0
54784,6130900294268439629,Befreiung der Schwarzfelle,,34574,67252,0,-1,0,0,0,0,0,0,0,0,0,0,28047,109,691,0,3,34144512,8192,0,51722,0,0
54786,6130900294268439629,Lieferstopp,,34576,67034,0,-1,0,0,0,0,0,0,0,0,0,0,27919,259,706,0,3,40435968,8192,0,0,0,0
54788,-6184943489809468494,Hydrath,,34578,67254,0,-1,0,0,0,0,0,0,0,0,0,0,27924,136,691,0,3,37290240,0,0,51722,0,0
54789,-6184943489809468494,Cyclarus,,34579,67254,0,-1,0,0,0,0,0,0,0,0,0,0,27925,136,691,0,3,37290240,0,0,51722,0,0
54790,-6184943489809468494,Conflagros,,34580,67254,0,-1,0,0,0,0,0,0,0,0,0,0,27926,136,691,0,3,37290240,0,0,51722,0,0
54791,-6184943489809468494,Granokk,,34581,67254,0,-1,0,0,0,0,0,0,0,0,0,0,27927,136,691,0,3,37290240,0,0,51722,0,0
54792,-6184943489809468494,Onu,,34582,67254,0,-1,0,0,0,0,0,0,0,0,0,0,27928,136,691,0,3,37290240,0,0,51722,0,0
54793,-6184943489809468494,Athrikus Narassin,,34583,67254,0,-1,0,0,0,0,0,0,0,0,0,0,27929,136,691,0,3,37290240,0,0,51722,0,0
54794,-6184943489809468494,Soggoth der Glitschige,,34584,67254,0,-1,0,0,0,0,0,0,0,0,0,0,27930,136,691,0,3,37290240,0,0,51722,0,0
54795,-6184943489809468494,Aman,,34585,67254,0,-1,0,0,0,0,0,0,0,0,0,0,27931,136,691,0,3,37290240,0,0,51722,0,0
54796,-6184943489809468494,Trümmerstück,,34586,67254,0,-1,0,0,0,0,0,0,0,0,0,0,27932,136,691,0,3,37290240,0,0,51722,0,0
54797,-6184943489809468494,Alash'anir,,34587,67254,0,-1,0,0,0,0,0,0,0,0,0,0,27933,136,691,0,3,37290240,0,0,51722,0,0
54798,-6184943489809468494,Wahnfeder,,34588,67254,0,-1,0,0,0,0,0,0,0,0,0,0,27935,135,691,0,3,37290304,0,0,51722,0,0
54799,-6184943489809468494,Gren Fetzfell,,34589,67254,0,-1,0,0,0,0,0,0,0,0,0,0,27936,135,691,0,3,37290304,0,0,51722,0,0
54800,-6184943489809468494,Zwielichtprophet Graeme,,34590,67254,0,-1,0,0,0,0,0,0,0,0,0,0,27937,135,691,0,3,37290304,0,0,51722,0,0
54801,-6184943489809468494,Steinbinderin Ssra'vess,,34591,67254,0,-1,0,0,0,0,0,0,0,0,0,0,27938,135,691,0,3,37290304,0,0,51722,0,0
54802,-6184943489809468494,Mrggr'marr,,34592,67254,0,-1,0,0,0,0,0,0,0,0,0,0,27939,135,691,0,3,37290304,0,0,51722,0,0
54803,-6184943489809468494,Schimmerpanzer,,34593,67254,0,-1,0,0,0,0,0,0,0,0,0,0,27940,135,691,0,3,37290304,0,0,51722,0,0
54804,-6184943489809468494,Glrglrr,,34594,67254,0,-1,0,0,0,0,0,0,0,0,0,0,27941,135,691,0,3,37290304,0,0,51722,0,0
54805,-6184943489809468494,Schuppenscheusal,,34595,67254,0,-1,0,0,0,0,0,0,0,0,0,0,27942,135,691,0,3,37290304,0,0,51722,0,0
54806,-6184943489809468494,Kommandant Ral'esh,,34596,67254,0,-1,0,0,0,0,0,0,0,0,0,0,27943,135,691,0,3,37290304,0,0,51722,0,0
54807,-6184943489809468494,Pionierin Odette,,34597,67254,0,-1,0,0,0,0,0,0,0,0,0,0,27944,135,691,0,3,37290304,0,0,51722,0,0
54808,-6184943489809468494,Thelar Mondstreich,,34598,67254,0,-1,0,0,0,0,0,0,0,0,0,0,27945,135,691,0,3,37290304,0,0,51722,0,0
54809,-6184943489809468494,Athil Tauglanz,,34599,67254,0,-1,0,0,0,0,0,0,0,0,0,0,27946,135,691,0,3,37290304,0,0,51722,0,0
54810,-6184943489809468494,Grimmhorn,,34600,67254,0,-1,0,0,0,0,0,0,0,0,0,0,27947,135,691,0,3,37290304,0,0,51722,0,0
54811,-6184943489809468494,Schwarzpranke,,34601,67254,0,-1,0,0,0,0,0,0,0,0,0,0,27948,135,691,0,3,37290304,0,0,51722,0,0
54812,-6184943489809468494,Schattenklaue,,34602,67254,0,-1,0,0,0,0,0,0,0,0,0,0,27949,135,691,0,3,37290304,0,0,51722,0,0
54816,6130900294268439629,Hydrath,,34603,67252,0,-1,0,0,0,0,0,0,0,0,0,0,27924,136,691,0,3,37290240,0,0,51722,0,0
54817,6130900294268439629,Cyclarus,,34604,67252,0,-1,0,0,0,0,0,0,0,0,0,0,27925,136,691,0,3,37290240,0,0,51722,0,0
54818,6130900294268439629,Conflagros,,34605,67252,0,-1,0,0,0,0,0,0,0,0,0,0,27926,136,691,0,3,37290240,0,0,51722,0,0
54819,6130900294268439629,Granokk,,34606,67252,0,-1,0,0,0,0,0,0,0,0,0,0,27927,136,691,0,3,37290240,0,0,51722,0,0
54820,6130900294268439629,Zim'kaga,,34607,67252,0,-1,0,0,0,0,0,0,0,0,0,0,27928,136,691,0,3,37290240,0,0,51722,0,0
54821,6130900294268439629,Athrikus Narassin,,34608,67252,0,-1,0,0,0,0,0,0,0,0,0,0,27929,136,691,0,3,37290240,0,0,51722,0,0
54822,6130900294268439629,Soggoth der Glitschige,,34609,67252,0,-1,0,0,0,0,0,0,0,0,0,0,27930,136,691,0,3,37290240,0,0,51722,0,0
54823,6130900294268439629,Aman,,34610,67252,0,-1,0,0,0,0,0,0,0,0,0,0,27931,136,691,0,3,37290240,0,0,51722,0,0
54824,6130900294268439629,Trümmerstück,,34611,67252,0,-1,0,0,0,0,0,0,0,0,0,0,27932,136,691,0,3,37290240,0,0,51722,0,0
54825,6130900294268439629,Alash'anir,,34612,67252,0,-1,0,0,0,0,0,0,0,0,0,0,27933,136,691,0,3,37290240,0,0,51722,0,0
54826,6130900294268439629,Wahnfeder,,34613,67252,0,-1,0,0,0,0,0,0,0,0,0,0,27935,135,691,0,3,37290304,0,0,51722,0,0
54827,6130900294268439629,Gren Fetzfell,,34614,67252,0,-1,0,0,0,0,0,0,0,0,0,0,27936,135,691,0,3,37290304,0,0,51722,0,0
54828,6130900294268439629,Zwielichtprophet Graeme,,34615,67252,0,-1,0,0,0,0,0,0,0,0,0,0,27937,135,691,0,3,37290304,0,0,51722,0,0
54829,6130900294268439629,Steinbinderin Ssra'vess,,34616,67252,0,-1,0,0,0,0,0,0,0,0,0,0,27938,135,691,0,3,37290304,0,0,51722,0,0
54830,6130900294268439629,Mrggr'marr,,34617,67252,0,-1,0,0,0,0,0,0,0,0,0,0,27939,135,691,0,3,37290304,0,0,51722,0,0
54831,6130900294268439629,Schimmerpanzer,,34618,67252,0,-1,0,0,0,0,0,0,0,0,0,0,27940,135,691,0,3,37290304,0,0,51722,0,0
54832,6130900294268439629,Glrglrr,,34619,67252,0,-1,0,0,0,0,0,0,0,0,0,0,27941,135,691,0,3,37290304,0,0,51722,0,0
54833,6130900294268439629,Schuppenscheusal,,34620,67252,0,-1,0,0,0,0,0,0,0,0,0,0,27942,135,691,0,3,37290304,0,0,51722,0,0
54834,6130900294268439629,Kommandant Ral'esh,,34621,67252,0,-1,0,0,0,0,0,0,0,0,0,0,27943,135,691,0,3,37290304,0,0,51722,0,0
54835,6130900294268439629,Moxo der Köpfer,,34622,67252,0,-1,0,0,0,0,0,0,0,0,0,0,27944,135,691,0,3,37290304,0,0,51722,0,0
54836,6130900294268439629,Kommandant Drald,,34623,67252,0,-1,0,0,0,0,0,0,0,0,0,0,27945,135,691,0,3,37290304,0,0,51722,0,0
54837,6130900294268439629,Abfackler Modell V,,34624,67252,0,-1,0,0,0,0,0,0,0,0,0,0,27946,135,691,0,3,37290304,0,0,51722,0,0
54838,6130900294268439629,Croz Blutzorn,,34625,67252,0,-1,0,0,0,0,0,0,0,0,0,0,27947,135,691,0,3,37290304,0,0,51722,0,0
54839,6130900294268439629,Rechtmäßig unser,,34626,65921,0,-1,0,0,0,0,0,0,0,0,0,0,27950,260,706,0,3,40436032,8192,0,0,0,0
54840,6130900294268439629,Agathe Wyrmholz,,34627,67252,0,-1,0,0,0,0,0,0,0,0,0,0,27948,135,691,0,3,37290304,0,0,51722,0,0
54841,6130900294268439629,Orwell Stevenson,,34628,67252,0,-1,0,0,0,0,0,0,0,0,0,0,27949,135,691,0,3,37290304,0,0,51722,0,0
54856,6130900294268439629,Bilgewasserbanditen,,34638,67252,0,-1,0,0,0,0,0,0,0,0,0,0,28049,109,691,0,3,34144512,0,0,51722,0,0
54857,6130900294268439629,Das Blatt wenden,,34639,67252,0,-1,0,0,0,0,0,0,0,0,0,0,28050,109,691,0,3,36241664,0,0,51722,0,0
54858,6130900294268439629,Volle Gleve,,34640,67252,0,-1,0,0,0,0,0,0,0,0,0,0,28048,109,691,0,3,40435968,0,0,51722,0,0
54895,6130900294268439629,Ivus der Verfallene,,34676,67252,0,-1,0,0,0,0,0,0,0,0,0,0,0,112,691,0,3,37290304,0,0,51722,0,0
54896,-6184943489809468494,Ivus der Waldlord,,34677,67254,0,-1,0,0,0,0,0,0,0,0,0,0,0,112,691,0,3,37290304,0,0,51722,0,0
54949,6130900294268439629,Mehr Mäuler zu stopfen,,34725,70829,0,-1,0,0,0,0,0,0,0,0,0,166905,29155,266,690,0,2,37880064,40960,512,0,0,0
54965,-1,Zerteilte Bots,,34741,67818,0,-1,0,0,0,0,0,0,0,0,0,0,0,0,713,0,2,36700160,32768,512,55736,0,0
55032,6130900294268439629,Entfesselter Widerstand,,34788,70829,0,-1,0,0,0,0,0,0,0,0,0,0,29156,266,690,0,2,37880064,40960,512,0,0,0
55215,-1,Der Kreislauf des Lebens,,34953,55564,0,-1,0,0,0,0,0,0,0,0,0,0,28301,152,464,0,3,-2110193408,0,0,0,0,0
55264,6130900294268439629,Kalligraphie,,34999,55564,0,-1,0,0,0,0,0,0,0,0,0,0,28332,152,464,0,3,-2110193408,0,0,0,0,0
55300,-1,Der Kreislauf des Lebens,,35018,55564,0,-1,0,0,0,0,0,0,0,0,0,0,28352,152,464,0,3,-2110193408,0,0,0,0,0
55301,-1,Der Kreislauf des Lebens,,35019,55564,0,-1,0,0,0,0,0,0,0,0,0,0,28353,152,464,0,3,-2110193408,0,0,0,0,0
55302,-1,Der Kreislauf des Lebens,,35020,55564,0,-1,0,0,0,0,0,0,0,0,0,0,28354,152,464,0,3,-2110193408,0,0,0,0,0
55303,-1,Der Kreislauf des Lebens,,35021,55564,0,-1,0,0,0,0,0,0,0,0,0,0,28355,152,464,0,3,-2110193408,0,0,0,0,0
55304,-1,Der Kreislauf des Lebens,,35022,55564,0,-1,0,0,0,0,0,0,0,0,0,0,28356,152,464,0,3,-2110193408,0,0,0,0,0
55340,6130900294268439629,Kalligraphie,,35057,55564,0,-1,0,0,0,0,0,0,0,0,0,0,28368,152,464,0,3,-2110193408,0,0,0,0,0
55341,6130900294268439629,Kalligraphie,,35058,55564,0,-1,0,0,0,0,0,0,0,0,0,0,28369,152,464,0,3,-2110193408,0,0,0,0,0
55342,-6184943489809468494,Kalligraphie,,35059,55564,0,-1,0,0,0,0,0,0,0,0,0,0,28368,152,464,0,3,-2110193408,0,0,0,0,0
55343,-6184943489809468494,Kalligraphie,,35060,55564,0,-1,0,0,0,0,0,0,0,0,0,0,28332,152,464,0,3,-2110193408,0,0,0,0,0
55344,-6184943489809468494,Kalligraphie,,35061,55564,0,-1,0,0,0,0,0,0,0,0,0,0,28369,152,464,0,3,-2110193408,0,0,0,0,0
55350,-1,Angriff: Vorstoß der Amathet,Kehrt zu Hochkommandant Kamses in Ramkahen zurück.,35065,75566,0,-1,0,0,0,0,0,0,0,0,0,0,30233,268,703,0,3,36176128,524288,2,0,0,0
55354,-1,Die Front am Vir'naal,,35068,77117,0,-1,0,0,0,0,0,0,0,0,0,0,31039,109,703,0,3,36241408,524288,12288,55349,0,0
55355,-1,Ausbildungsgelände der Lichtklingen,,35069,77117,0,-1,0,0,0,0,0,0,0,0,0,0,31038,109,703,0,3,36241408,524288,12288,55349,0,0
55356,-1,Leuchtfeuer des Sonnenkönigs,,35070,77117,0,-1,0,0,0,0,0,0,0,0,0,0,31032,109,703,0,3,36241408,524288,12288,0,0,0
55357,-1,Leuchtfeuer des Sonnenkönigs,,35071,77117,0,-1,0,0,0,0,0,0,0,0,0,0,31033,109,703,0,3,36241408,524288,12288,55349,0,0
55358,-1,Leuchtfeuer des Sonnenkönigs,,35072,77117,0,-1,0,0,0,0,0,0,0,0,0,0,31034,109,703,0,3,36241408,524288,12288,55349,0,0
55359,-1,Ritual der Vormacht,,35073,77117,0,-1,0,0,0,0,0,0,0,0,0,0,31035,109,703,0,3,36241408,524288,12288,55349,0,0
55360,-1,Das entsiegelte Grab,,35074,77117,0,-1,0,0,0,0,0,0,0,0,0,0,31036,109,703,0,3,36241408,524288,12288,55349,0,0
55361,6130900294268439629,Der verlorene Schamane,,35075,0,0,-1,0,0,0,0,0,0,0,0,0,0,0,0,690,0,2,38928384,8192,512,56350,0,0
55362,6130900294268439629,Elementarer Zorn,,35076,0,0,-1,0,0,0,0,0,0,0,0,0,167748,0,0,690,0,2,306315264,8192,512,55361,0,0
55363,6130900294268439629,Rettet den Scharfseher,,35077,0,0,-1,0,0,0,0,0,0,0,0,0,0,0,0,690,0,2,39976960,8192,512,55361,0,0
55466,-1,Vuk'laz der Erdbrecher,,35180,75790,0,-1,0,0,0,0,0,0,0,0,0,0,30713,112,703,0,3,37290304,0,0,55349,0,0
55625,6130900294268439629,Perlen von unvorstellbarer Macht,,35322,70830,0,-1,0,0,0,0,0,0,0,0,0,0,29157,266,690,0,2,37880064,40960,512,0,0,0
55629,-1,Vignette - Kaneb-ti,,35326,0,0,-1,0,0,0,0,0,0,0,0,0,0,0,0,0,0,3,33559552,0,0,0,0,0
55633,6130900294268439629,Die versunkene Truhe,,35330,70828,0,-1,0,0,0,0,0,0,0,0,0,0,29158,266,690,0,2,37880064,40960,512,0,0,0
55636,6130900294268439629,Ein Lebenswerk,,35331,70830,0,-1,0,0,0,0,0,0,0,0,0,0,29159,266,690,0,2,39846144,40960,512,0,0,0
55637,6130900294268439629,Arme Seelen in Not,,35332,70828,0,-1,0,0,0,0,0,0,0,0,0,0,29160,266,690,0,2,37748992,40960,512,0,0,0
55638,-6184943489809468494,Kelpbeerenwein keltern,,35333,71080,0,-1,0,0,0,0,0,0,0,0,0,0,29247,266,690,0,2,37749000,40960,512,0,0,0
55640,-1,Vision von Sturmwind,,35335,0,0,-1,0,0,0,0,0,0,0,0,0,0,3785,135,737,0,3,67731456,0,0,0,0,0
55659,6130900294268439629,Relikte der Zerschlagung,,35351,70829,0,-1,0,0,0,0,0,0,0,0,0,0,29161,266,690,0,2,37748992,40960,512,0,0,0
55661,-6184943489809468494,Giftiges mit Gift bekämpfen,,35353,71080,0,-1,0,0,0,0,0,0,0,0,0,0,29248,266,690,0,2,4325640,40960,512,0,0,0
55662,6130900294268439629,Arkane Truhe,,35354,70829,0,-1,0,0,0,0,0,0,0,0,0,0,29162,266,690,0,2,37748992,40960,512,0,0,0
55663,-6184943489809468494,Kaputter Kontrolleur,,35355,71080,0,-1,0,0,0,0,0,0,0,0,0,0,29249,266,690,0,2,37749000,40960,512,0,0,0
55664,-6184943489809468494,Tiefschlag für die Moral,,35356,71082,0,-1,0,0,0,0,0,0,0,0,0,0,29250,266,690,0,2,33554696,32768,512,0,0,0
55665,-6184943489809468494,Der finstere Garten,,35357,71081,0,-1,0,0,0,0,0,0,0,0,0,0,29251,266,690,0,2,36700424,32768,512,0,0,0
55670,-1,Raubflotte der Amathet,,35362,77117,0,-1,0,0,0,0,0,0,0,0,0,0,31037,109,703,0,3,36241408,532480,12288,55349,0,0
55681,6130900294268439629,Krabbe markiert die Stelle,,35375,70828,0,-1,0,0,0,0,0,0,0,0,0,0,29163,266,690,0,2,37814528,40960,512,0,0,0
55683,6130900294268439629,Vergessene Erinnerungen,,35377,70830,0,-1,0,0,0,0,0,0,0,0,0,0,29164,266,690,0,2,37748992,40960,512,0,0,0
55695,-1,Der Duft nach neuem Gefährt,,35387,70583,0,-1,1,0,0,0,0,0,0,0,0,0,0,0,713,0,2,39849984,40960,512,55736,54929,0
55701,6130900294268439629,Schnappdrachenklauen,,35393,70829,0,-1,0,0,0,0,0,0,0,0,0,0,29165,266,690,0,2,39846144,40960,512,0,0,0
55714,6130900294268439629,Leerentruhe,,35401,70830,0,-1,0,0,0,0,0,0,0,0,0,0,29166,266,690,0,2,37748992,40960,512,0,0,0
55715,-6184943489809468494,Speisung der Vielen,,35402,71081,0,-1,0,0,0,0,0,0,0,0,0,168253,29252,266,690,0,2,37749000,40960,512,0,0,0
55716,-1,Vignette - Uat-ka the Sun's Wrath,,35403,0,0,-1,0,0,0,0,0,0,0,0,0,0,0,0,0,0,3,33559560,0,0,0,0,0
55728,6130900294268439629,Verstärkte Truhe,,35415,70828,0,-1,0,0,0,0,0,0,0,0,0,0,29167,266,690,0,2,37748992,40960,512,0,0,0
55750,6130900294268439629,GESUCHT: Lady Naz'jess,,35432,70828,0,-1,0,0,0,0,0,0,0,0,0,0,29168,266,690,0,2,37748992,40960,512,0,0,0
55751,-6184943489809468494,Das Herz des Wassers,,35433,71081,0,-1,0,0,0,0,0,0,0,0,0,0,29253,266,690,0,2,33554696,32768,512,0,0,0
55766,-6184943489809468494,Sie mauschelt mit Muscheln,,35448,71081,0,-1,0,0,0,0,0,0,0,0,0,0,29254,266,690,0,2,33554696,32768,512,0,0,0
55767,-6184943489809468494,Irreführung,,35449,71081,0,-1,0,0,0,0,0,0,0,0,0,0,29255,266,690,0,2,39846152,40960,512,0,0,0
55768,-6184943489809468494,Junger Seetang,,35450,71080,0,-1,0,0,0,0,0,0,0,0,0,0,29256,266,690,0,2,33554696,32768,512,0,0,0
55770,6130900294268439629,GESUCHT: Kommandant Sarj'eth,,35452,70830,0,-1,0,0,0,0,0,0,0,0,0,0,29169,266,690,0,2,37748992,40960,512,0,0,0
55771,6130900294268439629,GESUCHT: Lord Ha'kass,,35453,70828,0,-1,0,0,0,0,0,0,0,0,0,0,29170,266,690,0,2,37748992,40960,512,0,0,0
55772,6130900294268439629,GESUCHT: Lady Narjiss,,35454,70830,0,-1,0,0,0,0,0,0,0,0,0,0,29171,266,690,0,2,37748992,40960,512,0,0,0
55773,6130900294268439629,GESUCHT: Gler'thogg,,35455,70828,0,-1,0,0,0,0,0,0,0,0,0,0,29172,266,690,0,2,37748992,40960,512,0,0,0
55774,6130900294268439629,GESUCHT: Inquisitor Ithriza,,35456,70830,0,-1,0,0,0,0,0,0,0,0,0,0,29173,266,690,0,2,37748992,40960,512,0,0,0
55775,6130900294268439629,GESUCHT: Haggronar,,35457,70829,0,-1,0,0,0,0,0,0,0,0,0,0,29174,266,690,0,2,37748992,40960,512,0,0,0
55776,6130900294268439629,GESUCHT: Emorneth,,35458,70829,0,-1,0,0,0,0,0,0,0,0,0,0,29175,266,690,0,2,37748992,40960,512,0,0,0
55777,6130900294268439629,GESUCHT: Braxicus,,35459,70829,0,-1,0,0,0,0,0,0,0,0,0,0,29176,266,690,0,2,37748992,40960,512,0,0,0
55813,-1,Hohe Ziele,,35495,70584,0,-1,0,0,0,0,0,0,0,0,0,169279,0,0,713,0,2,37752832,40960,512,55736,0,0
55845,6130900294268439629,Angriffspläne,,35526,70828,0,-1,0,0,0,0,0,0,0,0,0,168396,29177,266,690,0,2,37748992,40960,512,0,0,0
55846,6130900294268439629,Verbotene Rituale,,35527,70830,0,-1,0,0,0,0,0,0,0,0,0,0,29178,266,690,0,2,37748992,40960,512,0,0,0
55871,-6184943489809468494,Freunde sammeln,,35552,71081,0,-1,0,0,0,0,0,0,0,0,0,168407,29257,266,690,0,2,37749000,40960,512,0,0,0
55872,-6184943489809468494,Wo sie sich verstecken,,35553,71082,0,-1,0,0,0,0,0,0,0,0,0,168432,29258,266,690,0,2,37749000,40960,512,0,0,0
55873,-6184943489809468494,Den Kritch töten,,35554,71080,0,-1,0,0,0,0,0,0,0,0,0,0,29259,266,690,0,2,37749000,40960,512,0,0,0
55874,-6184943489809468494,Geysire stopfen,,35555,71082,0,-1,0,0,0,0,0,0,0,0,0,168482,29261,266,690,0,2,37749000,40960,512,0,0,0
55875,-6184943489809468494,Geysire stopfen,,35556,71082,0,-1,0,0,0,0,0,0,0,0,0,168482,29262,266,690,0,2,37880072,40960,512,0,0,0
55876,-6184943489809468494,Geysire stopfen,,35557,71082,0,-1,0,0,0,0,0,0,0,0,0,168482,29263,266,690,0,2,37749000,40960,512,0,0,0
55877,-6184943489809468494,Geysire stopfen,,35558,71082,0,-1,0,0,0,0,0,0,0,0,0,168482,29264,266,690,0,2,37749000,40960,512,0,0,0
55878,-6184943489809468494,Geysire stopfen,,35559,71082,0,-1,0,0,0,0,0,0,0,0,0,168482,29265,266,690,0,2,37880072,40960,512,0,0,0
55883,-6184943489809468494,Wie ein Rochen durch die Lüfte,,35564,71081,0,-1,0,0,0,0,0,0,0,0,0,168425,29266,266,690,0,2,37749000,40960,512,0,0,0
55884,-1,Wahnsinnsverseuchung,,35565,70076,0,-1,0,0,0,0,0,0,0,0,0,0,28750,109,690,0,3,34144512,8192,0,0,0,0
55886,-1,Der Metzler der Zanj'ir,,35567,70076,0,-1,0,0,0,0,0,0,0,0,0,0,28754,135,690,0,3,37290240,0,0,0,0,0
55887,-1,Champion Donnerpfeil Alzana,,35568,70076,0,-1,0,0,0,0,0,0,0,0,0,0,28760,136,690,0,3,37290240,0,0,0,0,0
55888,-1,Champion Eisspeer Qalina,,35569,70076,0,-1,0,0,0,0,0,0,0,0,0,0,28759,136,690,0,3,37290240,0,0,0,0,0
55889,-1,Champion Kyx'zhul der Tiefensprecher,,35570,70076,0,-1,0,0,0,0,0,0,0,0,0,0,28758,136,690,0,3,37290240,0,0,0,0,0
55890,-1,Champion Vyz'olgo der Willensdieb,,35571,70076,0,-1,0,0,0,0,0,0,0,0,0,0,28757,136,690,0,3,37290240,0,0,0,0,0
55891,-1,"Champion Aldrantiss, Verteidiger ihres Königreichs",,35572,70076,0,-1,0,0,0,0,0,0,0,0,0,0,28756,136,690,0,3,37290240,0,0,0,0,0
55892,-1,"Champion Eldanar, Schild ihrer Herrlichkeit",,35573,70076,0,-1,0,0,0,0,0,0,0,0,0,0,28755,136,690,0,3,37290240,0,0,0,0,0
55893,-1,Zackenkamm Azanz,,35574,70076,0,-1,0,0,0,0,0,0,0,0,0,0,28768,135,690,0,3,37290240,0,0,0,0,0
55894,-1,"Zoko, ihr eiserner Verteidiger",,35575,70076,0,-1,0,0,0,0,0,0,0,0,0,0,28767,135,690,0,3,37290240,0,0,0,0,0
55895,-1,Eisige Winde von Zhiela,,35576,70076,0,-1,0,0,0,0,0,0,0,0,0,0,28766,135,690,0,3,37290240,0,0,0,0,0
55896,-1,Eiskalte Assassine Undana,,35577,70076,0,-1,0,0,0,0,0,0,0,0,0,0,28765,135,690,0,3,37290240,0,0,0,0,0
55897,-1,Sklavenbrecher Szun,,35578,70076,0,-1,0,0,0,0,0,0,0,0,0,0,28764,135,690,0,3,37290240,0,0,0,0,0
55898,-1,Sturmsprecherin Shalan'ali,,35579,70076,0,-1,0,0,0,0,0,0,0,0,0,0,28763,135,690,0,3,37290240,0,0,0,0,0
55899,-1,Sternsucher der Shirakess,,35580,70076,0,-1,0,0,0,0,0,0,0,0,0,0,28762,135,690,0,3,37290240,0,0,0,0,0
55900,-1,"Kassar, Träger der Dunkelklingen",,35581,70076,0,-1,0,0,0,0,0,0,0,0,0,0,28761,135,690,0,3,37290240,0,0,0,0,0
55901,-1,Rostbolzenwiderstand,,35582,70022,0,-1,131073,0,0,0,0,0,0,0,0,0,28998,109,713,0,3,40436032,8192,0,56131,55623,0
55970,-1,Zermürbungstaktik,,35649,70076,0,-1,0,0,0,0,0,0,0,0,0,0,28843,109,690,0,3,34144512,0,0,0,0,0
55973,-1,Tiefennatternexperimente,,35650,70076,0,-1,0,0,0,0,0,0,0,0,0,168634,28845,109,690,0,3,34144512,0,0,0,0,0
55980,-6184943489809468494,In die Schuppe gespuckt,,35656,71082,0,-1,0,0,0,0,0,0,0,0,0,0,29267,266,690,0,2,33554696,32768,512,0,0,0
55982,-1,Die Herren des Wassers,,35658,70076,0,-1,0,0,0,0,0,0,0,0,0,0,28867,109,690,0,3,34144512,0,0,0,0,0
55984,-6184943489809468494,Eine gute Offensive,,35660,69973,0,-1,0,0,0,0,0,0,0,0,0,0,29268,266,690,0,2,38797576,40960,512,0,0,0
55985,-6184943489809468494,Ein besonderes Funkeln,,35661,71080,0,-1,0,0,0,0,0,0,0,0,0,0,29269,266,690,0,2,33554696,32768,512,0,0,0
55986,-6184943489809468494,Ei der Daus,,35662,71080,0,-1,0,0,0,0,0,0,0,0,0,0,29270,266,690,0,2,33554696,32768,512,0,0,0
55993,-6184943489809468494,Ein scharfer Vorsprung,,35669,71080,0,-1,0,0,0,0,0,0,0,0,0,0,29271,266,690,0,2,33554696,32768,512,0,0,0
55994,-1,Nicht zum Verzehr geeignet,,35670,70585,0,-1,131073,0,0,0,0,0,0,0,0,0,0,0,713,0,2,40898560,40960,512,56328,56329,0
55997,-1,Hungrige Hydras,,35673,70736,0,-1,0,0,0,0,0,0,0,0,0,0,28892,109,690,0,3,38338816,0,0,0,0,0
56000,6130900294268439629,Krosse Krabben!,,35676,70829,0,-1,0,0,0,0,0,0,0,0,0,0,29179,266,690,0,2,37748992,40960,512,0,0,0
56001,6130900294268439629,Ohne Bier nix los,,35677,70828,0,-1,0,0,0,0,0,0,0,0,0,0,29180,266,690,0,2,37748992,40960,512,0,0,0
56002,6130900294268439629,Mgglurkys Mugglrgl,,35678,70830,0,-1,0,0,0,0,0,0,0,0,0,0,29181,266,690,0,2,37748992,40960,512,0,0,0
56003,-1,Runenverriegelte Truhe,,35679,69938,0,-1,0,0,0,0,0,0,0,0,0,0,28898,109,690,0,3,36241664,0,0,0,0,0
56006,-1,Runenverriegelte Truhe,,35682,69938,0,-1,0,0,0,0,0,0,0,0,0,0,28901,109,690,0,3,36241664,0,0,0,0,0
56007,-1,Runenverriegelte Truhe,,35683,69938,0,-1,0,0,0,0,0,0,0,0,0,0,28903,109,690,0,3,36241664,0,0,0,0,0
56008,-1,Runenverriegelte Truhe,,35684,69938,0,-1,0,0,0,0,0,0,0,0,0,0,28899,109,690,0,3,36241664,0,0,0,0,0
56009,-1,Runenverriegelte Truhe,,35685,69938,0,-1,0,0,0,0,0,0,0,0,0,0,28900,109,690,0,3,36241664,0,0,0,0,0
56010,-1,Runenverriegelte Truhe,,35686,69938,0,-1,0,0,0,0,0,0,0,0,0,0,28902,109,690,0,3,36241664,0,0,0,0,0
56011,-1,Runenverriegelte Truhe,,35687,69938,0,-1,0,0,0,0,0,0,0,0,0,0,28905,109,690,0,3,36241664,0,0,0,0,0
56012,-1,Runenverriegelte Truhe,,35688,69938,0,-1,0,0,0,0,0,0,0,0,0,0,28909,109,690,0,3,36241664,0,0,0,0,0
56013,-1,Runenverriegelte Truhe,,35689,69938,0,-1,0,0,0,0,0,0,0,0,0,0,28906,109,690,0,3,36241664,0,0,0,0,0
56014,-1,Runenverriegelte Truhe,,35690,69938,0,-1,0,0,0,0,0,0,0,0,0,0,28907,109,690,0,3,36241664,0,0,0,0,0
56015,-1,Runenverriegelte Truhe,,35691,69938,0,-1,0,0,0,0,0,0,0,0,0,0,28904,109,690,0,3,36241664,0,0,0,0,0
56016,-1,Runenverriegelte Truhe,,35692,69938,0,-1,0,0,0,0,0,0,0,0,0,0,28908,109,690,0,3,36241664,0,0,0,0,0
56017,-1,Runenverriegelte Truhe,,35693,69938,0,-1,0,0,0,0,0,0,0,0,0,0,28911,109,690,0,3,36241664,0,0,0,0,0
56018,-1,Runenverriegelte Truhe,,35694,69938,0,-1,0,0,0,0,0,0,0,0,0,0,28915,109,690,0,3,36241664,0,0,0,0,0
56019,-1,Runenverriegelte Truhe,,35695,69938,0,-1,0,0,0,0,0,0,0,0,0,0,28912,109,690,0,3,36241664,0,0,0,0,0
56020,-1,Runenverriegelte Truhe,,35696,69938,0,-1,0,0,0,0,0,0,0,0,0,0,28913,109,690,0,3,36241664,0,0,0,0,0
56021,-1,Runenverriegelte Truhe,,35697,69938,0,-1,0,0,0,0,0,0,0,0,0,0,28910,109,690,0,3,36241664,0,0,0,0,0
56022,-1,Runenverriegelte Truhe,,35698,69938,0,-1,0,0,0,0,0,0,0,0,0,0,28914,109,690,0,3,36241664,0,0,0,0,0
56023,-1,Leyverriegelte Truhe,,35699,69938,0,-1,0,0,0,0,0,0,0,0,0,0,28918,109,690,0,3,34144512,0,0,0,0,0
56024,-1,Leyverriegelte Truhe,,35700,69938,0,-1,0,0,0,0,0,0,0,0,0,0,28917,109,690,0,3,34144512,0,0,0,0,0
56025,-1,Leyverriegelte Truhe,,35701,69938,0,-1,0,0,0,0,0,0,0,0,0,0,28916,109,690,0,3,34144512,0,0,0,0,0
56032,-1,Das dreckige Dutzend,,35705,70076,0,-1,0,0,0,0,0,0,0,0,0,0,28939,109,690,0,3,34144512,0,0,0,0,0
56035,-6184943489809468494,Muscheldelikatesse,,35707,71081,0,-1,0,0,0,0,0,0,0,0,0,168672,29272,266,690,0,2,37880072,40960,512,0,0,0
56036,-1,Eine dampfende Angelegenheit,,35708,70076,0,-1,0,0,0,0,0,0,0,0,0,0,28938,109,690,0,3,34144512,0,0,0,0,0
56041,-1,Macht miese Muscheln munter,,35713,70076,0,-1,0,0,0,0,0,0,0,0,0,0,28945,109,690,0,3,38338816,0,0,0,0,0
56048,-1,Die ertrunkenen Orakel,,35719,70076,0,-1,0,0,0,0,0,0,0,0,0,0,28949,109,690,0,3,34144512,8192,0,0,0,0
56050,-1,PvP-Ereignis: Schlacht um Nazjatar,,35723,71797,0,-1,0,0,0,0,0,0,0,0,0,0,28948,113,464,0,3,622912,0,0,0,0,0
56056,-1,Schrecken der Tiefe,,35729,70076,0,-1,0,0,0,0,0,0,0,0,0,0,28606,112,690,0,3,34144320,0,0,0,0,0
56057,-1,Der Seelenbinder,,35730,70076,0,-1,0,0,0,0,0,0,0,0,0,0,28610,112,690,0,3,34144320,0,0,0,0,0
56064,-1,Angriff: Das Schwarze Imperium,Kehrt zu Lehrensucher Cho im Heim des Wissens zurück.,35737,75565,0,-1,0,0,0,0,0,0,0,0,0,0,29473,268,703,0,3,34078976,524288,2,0,0,0
56074,-1,Leerenleitung,,35747,77107,0,-1,0,0,0,0,0,0,0,0,0,0,31021,109,703,0,3,36241664,524288,12288,0,0,0
56075,-6184943489809468494,Gestohlene Kraft,,35748,71081,0,-1,0,0,0,0,0,0,0,0,0,0,29273,266,690,0,2,37749000,40960,512,0,0,0
56076,-1,Abyssisches Ritual,,35749,77107,0,-1,0,0,0,0,0,0,0,0,0,0,31024,109,703,0,3,36241664,524288,12288,0,0,0
56078,-1,Gegen den Strom,,35751,70076,0,-1,0,0,0,0,0,0,0,0,0,0,28975,109,690,0,3,38338816,8192,0,0,0,0
56082,6130900294268439629,Brutale Bots,,35755,70582,0,-1,0,0,0,0,0,0,0,0,0,0,0,0,713,0,2,40898560,40960,512,55736,0,0
56083,-6184943489809468494,Gefährliche Arbeitsbedingungen,,35756,70582,0,-1,0,0,0,0,0,0,0,0,0,0,0,0,713,0,2,37752832,8192,512,55736,0,0
56090,-1,Sturmbräustellung,,35762,77107,0,-1,0,0,0,0,0,0,0,0,0,0,31025,109,703,0,3,36241664,524288,12288,0,0,0
56099,-1,Quell der Verderbnis,,35772,77107,0,-1,0,0,0,0,0,0,0,0,0,0,31026,109,703,0,3,36241664,524288,12288,0,0,0
56121,-1,Quirlige Quallen,,35793,70076,0,-1,0,0,0,0,0,0,0,0,0,0,28993,109,690,0,3,34144512,0,0,0,0,0
56131,-1,Sicherheit geht vor,,35801,70252,0,-1,131073,0,0,0,0,0,0,0,0,0,28997,109,713,0,3,40436032,8192,0,55736,55623,0
56139,-1,Schrottschätze,,35809,70022,0,-1,131073,0,0,0,0,0,0,0,0,0,28874,109,713,0,3,6881600,8256,0,56131,55623,0
56141,-1,Sicherheit geht vor,,35811,70022,0,-1,131073,0,0,0,0,0,0,0,0,0,28999,109,713,0,3,40436032,8192,0,56131,55623,0
56146,6130900294268439629,Kelpbeerenwein keltern,,35333,70828,0,-1,0,0,0,0,0,0,0,0,0,0,29182,266,690,0,2,37748992,40960,512,0,0,0
56149,6130900294268439629,Speisung der Vielen,,35819,70829,0,-1,0,0,0,0,0,0,0,0,0,168253,29184,266,690,0,2,37748992,40960,512,0,0,0
56150,6130900294268439629,Den Kritch töten,,35820,70829,0,-1,0,0,0,0,0,0,0,0,0,0,29186,266,690,0,2,37748992,40960,512,0,0,0
56151,-6184943489809468494,Poens Leibgericht,,35963,71081,0,-1,0,0,0,0,0,0,0,0,0,0,29274,266,690,0,2,33554696,32768,512,0,0,0
56152,6130900294268439629,In die Schuppe gespuckt,,35822,70829,0,-1,0,0,0,0,0,0,0,0,0,0,29193,266,690,0,2,37748992,40960,512,0,0,0
56153,6130900294268439629,Muscheldelikatesse,,35707,70828,0,-1,0,0,0,0,0,0,0,0,0,168672,29194,266,690,0,2,37880064,40960,512,0,0,0
56154,6130900294268439629,Wo sie sich verstecken,,35824,70828,0,-1,0,0,0,0,0,0,0,0,0,168432,29185,266,690,0,2,37748992,40960,512,0,0,0
56155,6130900294268439629,Geysire stopfen,,35555,70830,0,-1,0,0,0,0,0,0,0,0,0,168482,29187,266,690,0,2,37748992,40960,512,0,0,0
56156,6130900294268439629,Eine gehärtete Klinge,,35826,0,0,-1,0,0,0,0,0,0,0,0,0,0,0,0,690,0,2,40894464,8192,512,55363,0,0
56157,6130900294268439629,Geysire stopfen,,35556,70830,0,-1,0,0,0,0,0,0,0,0,0,168482,29188,266,690,0,2,37880064,40960,512,0,0,0
56158,6130900294268439629,Geysire stopfen,,35557,70830,0,-1,0,0,0,0,0,0,0,0,0,168482,29189,266,690,0,2,37748992,40960,512,0,0,0
56159,6130900294268439629,Geysire stopfen,,35558,70830,0,-1,0,0,0,0,0,0,0,0,0,168482,29190,266,690,0,2,37748992,40960,512,0,0,0
56160,6130900294268439629,Geysire stopfen,,35559,70828,0,-1,0,0,0,0,0,0,0,0,0,168482,29192,266,690,0,2,37880064,40960,512,0,0,0
56163,-1,Gebundener Elementar,,35829,77107,0,-1,0,0,0,0,0,0,0,0,0,0,31027,109,703,0,3,36241664,524288,12288,0,0,0
56177,-1,Leerenleitung,,35843,77107,0,-1,0,0,0,0,0,0,0,0,0,0,31022,109,703,0,3,36241664,524288,12288,0,0,0
56178,-1,Leerenleitung,,35844,77107,0,-1,0,0,0,0,0,0,0,0,0,0,31023,109,703,0,3,36241664,524288,12288,0,0,0
56180,-1,Gebundener Elementar,,35846,77107,0,-1,0,0,0,0,0,0,0,0,0,0,31028,109,703,0,3,36241664,524288,12288,0,0,0
56222,-1,GESUCHT: Lady Naz'jess,,35888,71082,0,-1,0,0,0,0,0,0,0,0,0,0,29275,266,690,0,2,37748992,40960,512,0,0,0
56223,-1,GESUCHT: Kommandant Sarj'eth,,35889,71080,0,-1,0,0,0,0,0,0,0,0,0,0,29276,266,690,0,2,37748992,40960,512,0,0,0
56224,-1,GESUCHT: Lord Ha'kass,,35890,71082,0,-1,0,0,0,0,0,0,0,0,0,0,29277,266,690,0,2,37748992,40960,512,0,0,0
56225,-1,GESUCHT: Lady Narjiss,,35891,71080,0,-1,0,0,0,0,0,0,0,0,0,0,29278,266,690,0,2,37748992,40960,512,0,0,0
56226,-1,GESUCHT: Gler'thogg,,35892,71082,0,-1,0,0,0,0,0,0,0,0,0,0,29279,266,690,0,2,37748992,40960,512,0,0,0
56227,-1,GESUCHT: Inquisitor Ithriza,,35893,71080,0,-1,0,0,0,0,0,0,0,0,0,0,29280,266,690,0,2,37748992,40960,512,0,0,0
56231,-6184943489809468494,Verstärkte Truhe,,35897,71082,0,-1,0,0,0,0,0,0,0,0,0,0,29281,266,690,0,2,37748992,40960,512,0,0,0
56232,-6184943489809468494,Leerentruhe,,35898,71080,0,-1,0,0,0,0,0,0,0,0,0,0,29282,266,690,0,2,37748992,40960,512,0,0,0
56233,-6184943489809468494,Arkane Truhe,,35899,71081,0,-1,0,0,0,0,0,0,0,0,0,0,29283,266,690,0,2,37748992,40960,512,0,0,0
56264,-6184943489809468494,Krosse Krabben!,,35925,71081,0,-1,0,0,0,0,0,0,0,0,0,0,29284,266,690,0,2,37748992,40960,512,0,0,0
56265,-6184943489809468494,Ohne Bier nix los,,35926,71081,0,-1,0,0,0,0,0,0,0,0,0,0,29285,266,690,0,2,37748992,40960,512,0,0,0
56266,-6184943489809468494,Mgglurkys Mugglrgl,,35927,71080,0,-1,0,0,0,0,0,0,0,0,0,0,29287,266,690,0,2,37748992,40960,512,0,0,0
56308,-1,Angriff: Ausgegrabene Aqir,Kehrt zu Arik Skorpidstich am Obelisken des Mondes zurück.,35970,75566,0,-1,0,0,0,0,0,0,0,0,0,0,29038,268,703,0,3,36176128,524288,2,0,0,0
56326,-1,Rettung vor den Raben,,35982,71222,0,-1,1,0,0,0,0,0,0,0,0,0,0,0,713,0,2,37752832,41024,512,55736,0,0
56327,-1,Zerteilte Bots,,35983,70581,0,-1,131073,0,0,0,0,0,0,0,0,0,0,0,713,0,2,40898560,8192,512,54965,56330,0
56328,-1,Nicht zum Verzehr geeignet,,35984,0,0,-1,0,0,0,0,0,0,0,0,0,0,0,0,713,0,2,39845888,40960,512,55736,0,0
56330,-1,Tracking Quest,,35986,0,0,-1,0,0,0,0,0,0,0,0,0,0,0,0,0,0,2,33559560,0,512,0,0,0
56334,-1,Bots außer Kontrolle,,35990,71223,0,-1,0,0,0,0,0,0,0,0,0,0,0,0,713,0,2,37752832,40960,512,55736,0,0
56370,6130900294268439629,Ei der Daus,,35662,70829,0,-1,0,0,0,0,0,0,0,0,0,0,29183,266,690,0,2,37748992,40960,512,0,0,0
56373,-1,Ausgeschluckt,,36019,71224,0,-1,0,0,0,0,0,2592,1,0,0,0,0,0,713,0,2,39849984,40960,512,55736,0,0
56380,-1,Vom Himmel geholt,,36026,71225,0,-1,0,0,0,0,0,0,0,0,0,0,0,0,713,0,2,39849984,40960,512,55736,0,0
56381,-1,Prinz Wackelschwänzchen,,36027,70722,0,-1,0,0,0,0,0,0,0,0,0,0,29111,115,690,0,3,3735808,0,0,0,0,0
56382,-1,Happs,,36028,70722,0,-1,0,0,0,0,0,0,0,0,0,0,29112,115,690,0,3,3735808,0,0,0,0,0
56383,-1,Stille,,36029,70722,0,-1,0,0,0,0,0,0,0,0,0,0,29113,115,690,0,3,3735808,0,0,0,0,0
56384,-1,Schattenstachellauerer,,36030,70722,0,-1,0,0,0,0,0,0,0,0,0,0,29114,115,690,0,3,3735808,0,0,0,0,0
56385,-1,Perlenschalenkrabbler,,36031,70722,0,-1,0,0,0,0,0,0,0,0,0,0,29115,115,690,0,3,3735808,0,0,0,0,0
56386,-1,Brutälteste von Nalaada,,36032,70722,0,-1,0,0,0,0,0,0,0,0,0,0,29116,115,690,0,3,3735808,0,0,0,0,0
56387,-1,Gefräßige Schattenbrut,,36033,70722,0,-1,0,0,0,0,0,0,0,0,0,0,29117,115,690,0,3,3735808,0,0,0,0,0
56388,-1,Gedankenknechter,,36034,70722,0,-1,0,0,0,0,0,0,0,0,0,0,29118,115,690,0,3,3735808,0,0,0,0,0
56389,-1,Tangstein,,36035,70722,0,-1,0,0,0,0,0,0,0,0,0,0,29119,115,690,0,3,3735808,0,0,0,0,0
56390,-1,Voltschlinger,,36036,70722,0,-1,0,0,0,0,0,0,0,0,0,0,29120,115,690,0,3,3735808,0,0,0,0,0
56391,-1,Rasender Messerzahn,,36037,70722,0,-1,0,0,0,0,0,0,0,0,0,0,29121,115,690,0,3,3735808,0,0,0,0,0
56392,-1,Riesige Opalschnecke,,36038,70722,0,-1,0,0,0,0,0,0,0,0,0,0,29122,115,690,0,3,3735808,0,0,0,0,0
56393,-1,Gnomfrühstücker,,36039,70723,0,-1,0,0,0,0,0,0,0,0,0,0,29123,115,713,0,3,3735808,0,0,0,0,0
56394,-1,Plapperröhre,,36040,70723,0,-1,0,0,0,0,0,0,0,0,0,0,29124,115,713,0,3,3735808,0,0,0,0,0
56395,-1,Goldbot XD,,36041,70723,0,-1,0,0,0,0,0,0,0,0,0,0,29125,115,713,0,3,3735808,0,0,0,0,0
56396,-1,Quietschklirr,,36042,70723,0,-1,0,0,0,0,0,0,0,0,0,0,29126,115,713,0,3,3735808,0,0,0,0,0
56397,-1,Mikrounterdrückungseinheit CK-9,,36043,70723,0,-1,0,0,0,0,0,0,0,0,0,0,29127,115,713,0,3,3735808,0,0,0,0,0
56398,-1,Einheit 35,,36044,70723,0,-1,0,0,0,0,0,0,0,0,0,0,29128,115,713,0,3,3735808,0,0,0,0,0
56399,-1,Einheit 6,,36045,70723,0,-1,0,0,0,0,0,0,0,0,0,0,29129,115,713,0,3,3735808,0,0,0,0,0
56400,-1,Einheit 17,,36046,70723,0,-1,0,0,0,0,0,0,0,0,0,0,29130,115,713,0,3,3735808,0,0,0,0,0
56402,-1,Münzen der Wüstenwanderer,,36048,76114,0,-1,0,0,0,0,0,0,0,0,0,0,31209,0,703,0,2,35651720,32768,512,57915,0,0
56434,-1,GESUCHT: Zankfett und Rohtrogg,,36064,71226,0,-1,0,0,0,0,0,0,0,0,0,0,0,1,713,0,2,39849984,40960,512,55736,0,0
56532,-1,Norbit der Zerstörer,,36148,71227,0,-1,0,0,0,0,0,0,0,0,0,0,0,0,713,0,2,39849984,40960,512,55736,0,0
56550,-1,Leichenbeseitigung,,36166,76113,0,-1,0,0,0,0,0,0,0,0,0,174323,31208,0,703,0,2,35651720,32768,512,57954,0,0
56570,6130900294268439629,Arbeitsauftrag: Großes Fläschchen der Ströme,,36179,70076,0,-1,0,0,0,0,0,2478,1,0,0,0,29350,118,464,0,3,524608,0,2,0,0,0
56767,6130900294268439629,Arbeitsauftrag: Großes Fläschchen der unendlichen Tiefe,,36372,70076,0,-1,0,0,0,0,0,2478,1,0,0,0,29351,118,464,0,3,524608,0,2,0,0,0
56768,6130900294268439629,Arbeitsauftrag: Großes Fläschchen des Tiefensogs,,36373,70076,0,-1,0,0,0,0,0,2478,1,0,0,0,29352,118,464,0,3,524608,0,2,0,0,0
56769,6130900294268439629,Arbeitsauftrag: Großes Fläschchen des weiten Horizonts,,36374,70076,0,-1,0,0,0,0,0,2478,1,0,0,0,29353,118,464,0,3,524608,0,2,0,0,0
56770,-6184943489809468494,Arbeitsauftrag: Großes Fläschchen der Ströme,,36179,70076,0,-1,0,0,0,0,0,2478,1,0,0,0,29350,118,464,0,3,524608,0,2,0,0,0
56772,-6184943489809468494,Arbeitsauftrag: Großes Fläschchen der unendlichen Tiefe,,36372,70076,0,-1,0,0,0,0,0,2478,1,0,0,0,29351,118,464,0,3,524608,0,2,0,0,0
56773,-6184943489809468494,Arbeitsauftrag: Großes Fläschchen des weiten Horizonts,,36374,70076,0,-1,0,0,0,0,0,2478,1,0,0,0,29353,118,464,0,3,524608,0,2,0,0,0
56774,-6184943489809468494,Arbeitsauftrag: Großes Fläschchen des Tiefensogs,,36373,70076,0,-1,0,0,0,0,0,2478,1,0,0,0,29352,118,464,0,3,524608,0,2,0,0,0
56793,6130900294268439629,"Arbeitsauftrag: Mech-Dowels ""Big Mech""",,36394,70076,0,-1,0,0,0,0,0,2541,1,0,0,0,29413,131,464,0,3,524608,0,2,0,0,0
56794,6130900294268439629,Arbeitsauftrag: Backportoffel,,36395,70076,0,-1,0,0,0,0,0,2541,1,0,0,0,29414,131,464,0,3,524608,0,2,0,0,0
56795,6130900294268439629,Arbeitsauftrag: Frikadelle à la Abgrund,,36396,70076,0,-1,0,0,0,0,0,2541,1,0,0,0,29415,131,464,0,3,524608,0,2,0,0,0
56796,6130900294268439629,Arbeitsauftrag: Duftende Kakavia,,36397,70076,0,-1,0,0,0,0,0,2541,1,0,0,0,29416,131,464,0,3,524608,0,2,0,0,0
56797,6130900294268439629,Arbeitsauftrag: Bil'Tong,,36398,70076,0,-1,0,0,0,0,0,2541,1,0,0,0,29417,131,464,0,3,524608,0,2,0,0,0
56798,-6184943489809468494,Arbeitsauftrag: Bil'Tong,,36398,70076,0,-1,0,0,0,0,0,2541,1,0,0,0,29417,131,464,0,3,524608,0,2,0,0,0
56799,-6184943489809468494,Arbeitsauftrag: Duftende Kakavia,,36397,70076,0,-1,0,0,0,0,0,2541,1,0,0,0,29416,131,464,0,3,524608,0,2,0,0,0
56800,-6184943489809468494,Arbeitsauftrag: Frikadelle à la Abgrund,,36396,70076,0,-1,0,0,0,0,0,2541,1,0,0,0,29415,131,464,0,3,524608,0,2,0,0,0
56801,-6184943489809468494,Arbeitsauftrag: Backportoffel,,36395,70076,0,-1,0,0,0,0,0,2541,1,0,0,0,29414,131,464,0,3,524608,0,2,0,0,0
56802,-6184943489809468494,"Arbeitsauftrag: Mech-Dowels ""Big Mech""",,36394,70076,0,-1,0,0,0,0,0,2541,1,0,0,0,29413,131,464,0,3,524608,0,2,0,0,0
56818,-6184943489809468494,Arbeitsauftrag: Waffe - Nagahaut,,36530,70076,0,-1,0,0,0,0,0,2486,1,0,0,0,29412,123,464,0,3,524608,0,2,0,0,0
56819,-6184943489809468494,Arbeitsauftrag: Waffe - Ozeanische Wiederherstellung,,36414,70076,0,-1,0,0,0,0,0,2486,1,0,0,0,29410,123,464,0,3,524608,0,2,0,0,0
56820,-6184943489809468494,Arbeitsauftrag: Waffe - Kraftmultiplikator,,36415,70076,0,-1,0,0,0,0,0,2486,1,0,0,0,29411,123,464,0,3,524608,0,2,0,0,0
56821,-6184943489809468494,Arbeitsauftrag: Waffe - Brillanz des Maschinisten,,36416,70076,0,-1,0,0,0,0,0,2486,1,0,0,0,29409,123,464,0,3,524608,0,2,0,0,0
56824,6130900294268439629,Arbeitsauftrag: Waffe - Brillanz des Maschinisten,,36416,70076,0,-1,0,0,0,0,0,2486,1,0,0,0,29409,123,464,0,3,524608,0,2,0,0,0
56825,6130900294268439629,Arbeitsauftrag: Waffe - Ozeanische Wiederherstellung,,36414,70076,0,-1,0,0,0,0,0,2486,1,0,0,0,29410,123,464,0,3,524608,0,2,0,0,0
56826,6130900294268439629,Arbeitsauftrag: Waffe - Kraftmultiplikator,,36415,70076,0,-1,0,0,0,0,0,2486,1,0,0,0,29411,123,464,0,3,524608,0,2,0,0,0
56827,6130900294268439629,Arbeitsauftrag: Waffe - Nagahaut,,36530,70076,0,-1,0,0,0,0,0,2486,1,0,0,0,29412,123,464,0,3,524608,0,2,0,0,0
56889,-1,Verwundete Wüstenwanderer,,36478,76112,0,-1,0,0,0,0,0,0,0,0,0,174326,31207,0,703,0,2,35782792,32768,512,57969,0,0
56914,-1,Wütende Anwohner,,36503,0,0,-1,0,0,0,0,0,0,0,0,0,0,0,115,464,0,3,3768576,0,0,0,0,0
56934,-1,Obsidianzerstörer,,36524,5703,0,-1,0,0,0,0,0,0,0,0,0,0,29038,109,703,0,3,36241408,0,0,0,0,0
57008,-1,Angriff: Die verfeindeten Klans,Kehrt zu Sturmsprecher Qian im Stillen Sanktum zurück.,36588,75565,0,-1,0,0,0,0,0,0,0,0,0,0,29494,268,703,0,3,34078976,524288,2,0,0,0
57023,-1,Beschwertes Moguartefakt,,36602,77112,0,-1,0,0,0,0,0,0,0,0,0,0,31010,109,703,0,3,36241664,524288,12288,0,0,0
57049,-1,Das Verlies der Seelen,,36627,77112,0,-1,0,0,0,0,0,0,0,0,0,0,31011,109,703,0,3,36241664,524288,12288,0,0,0
57085,-1,Verstärkter Kriegswagen,,36663,77120,0,-1,0,0,0,0,0,0,0,0,0,0,31060,109,703,0,3,36241408,524288,12288,0,0,0
57087,-1,Barukvernichter,,36665,77112,0,-1,0,0,0,0,0,0,0,0,0,0,31012,109,703,0,3,36241664,524288,12288,0,0,0
57089,-1,Brutstätte der Vil'thik,,36667,77120,0,-1,0,0,0,0,0,0,0,0,0,0,31061,109,703,0,3,36241408,524288,12288,0,0,0
57101,-1,Schlangenkäfig der Zan-Tien,,36679,77112,0,-1,0,0,0,0,0,0,0,0,0,0,31013,109,703,0,3,40435968,524288,12288,0,0,0
57146,-1,Verderbnisriss,,36716,77107,0,-1,0,0,0,0,0,0,0,0,0,0,31029,109,703,0,3,40435968,524288,12288,0,0,0
57157,-1,Angriff: Das Schwarze Imperium,Kehrt zu Hohepriester Amet in Ramkahen zurück.,36725,75566,0,-1,0,0,0,0,0,0,0,0,0,0,29865,268,703,0,3,36176128,524288,2,0,0,0
57158,-1,Elektrische Ermächtigung,,36726,77112,0,-1,0,0,0,0,0,0,0,0,0,0,31014,109,703,0,3,40435968,524288,12288,0,0,0
57171,-1,Goldastwächter,,36739,77112,0,-1,0,0,0,0,0,0,0,0,0,0,31015,109,703,0,3,40435968,524288,12288,0,0,0
57177,-1,Ein Neuanfang,,36745,80434,0,-1,0,0,0,0,0,0,0,0,0,0,0,0,746,0,3,34144256,0,0,59021,0,0
57205,-1,Ein oder zwei Steine im Weg,,36773,74689,0,-1,0,0,0,0,0,0,0,0,0,0,30133,109,837,0,3,41484544,8192,0,0,0,0
57215,-1,Maschine des Aufstiegs,,36783,77117,0,-1,0,0,0,0,0,0,0,0,0,0,31040,109,703,0,3,36241408,524288,12288,55349,0,0
57217,-1,Ausgegrabener Hüter,,36784,77117,0,-1,0,0,0,0,0,0,0,0,0,0,31041,109,703,0,3,36241408,524288,12288,55349,0,0
57218,-1,Ausgegrabener Hüter,,36785,77117,0,-1,0,0,0,0,0,0,0,0,0,0,31042,109,703,0,3,36241408,524288,12288,55349,0,0
57219,-1,Ausgegrabener Hüter,,36786,77117,0,-1,0,0,0,0,0,0,0,0,0,0,31043,109,703,0,3,36241408,524288,12288,55349,0,0
57223,-1,Ausgegrabener Hüter,,36790,77117,0,-1,0,0,0,0,0,0,0,0,0,0,31044,109,703,0,3,36241408,524288,12288,55349,0,0
57234,-1,Sonnensammler,,36799,77117,0,-1,0,0,0,0,0,0,0,0,0,0,31045,109,703,0,3,36241408,524288,12288,55349,0,0
57235,-1,Sonnensammler,,36800,77117,0,-1,0,0,0,0,0,0,0,0,0,0,31046,109,703,0,3,36241408,524288,12288,55349,0,0
57243,-1,Sklavenlager der Amathet,,36808,77117,0,-1,0,0,0,0,0,0,0,0,0,0,31047,109,703,0,3,36241408,524288,12288,55349,0,0
57256,-1,Arena der Sturmerwählten,,36818,77112,0,-1,0,0,0,0,0,0,0,0,0,0,31016,109,703,0,3,40435968,524288,12288,0,0,0
57272,-1,Blutgebundenes Abbild,,36833,77112,0,-1,0,0,0,0,0,0,0,0,0,0,31017,109,703,0,3,40435968,524288,12288,0,0,0
57277,-1,Vignette - Muminah the Incandescent,,36838,0,0,-1,0,0,0,0,0,0,0,0,0,0,0,0,0,0,3,34149376,0,0,0,0,0
57287,-1,Leerenrisse,,36847,77106,0,-1,0,0,0,0,0,0,0,0,0,0,30360,109,703,0,3,40435712,532480,12288,0,0,0
57299,-1,Mysteriöser Sarkophag,,36859,77112,0,-1,0,0,0,0,0,0,0,0,0,0,31018,109,703,0,3,40435968,524288,12288,0,0,0
57301,-1,Harte Mischung,,36861,0,0,-1,0,0,0,0,0,0,0,0,0,0,0,0,1340,0,2,40927240,8192,512,58431,0,0
57323,-1,Schlangenbindung,,36875,77112,0,-1,0,0,0,0,0,0,0,0,0,0,31019,109,703,0,3,40435968,524288,12288,0,0,0
57326,-6184943489809468494,Profitprototypen,,36878,71941,0,-1,0,0,0,0,0,0,0,0,0,0,0,0,713,0,2,39849992,8192,512,55736,0,0
57327,6130900294268439629,Prototypen als Inspiration,,36877,71941,0,-1,0,0,0,0,0,0,0,0,0,0,0,0,713,0,2,39849992,8192,512,55736,0,0
57328,-1,Lager verwüsten,,36879,0,0,-1,0,0,0,0,0,0,0,0,0,0,31376,109,837,0,3,36241664,0,512,57559,62706,0
57330,-1,Zeit für Rache,,36881,70076,0,-1,0,0,0,0,0,0,0,0,0,0,29709,109,690,0,3,34144512,0,0,0,0,0
57331,-1,Bergungsoperationen,,36882,70076,0,-1,0,0,0,0,0,0,0,0,0,0,29710,109,690,0,3,34144512,0,0,0,0,0
57333,-1,Terrassenterror,,36884,70076,0,-1,0,0,0,0,0,0,0,0,0,0,29715,109,690,0,3,37290240,0,0,0,0,0
57334,-1,Murlochöhle,,36885,70076,0,-1,0,0,0,0,0,0,0,0,0,0,29712,109,690,0,3,34144512,0,0,0,0,0
57335,-1,Murlocalypse,,36886,70076,0,-1,0,0,0,0,0,0,0,0,0,0,29713,109,690,0,3,34144512,0,0,0,0,0
57336,-1,Vergangenes vergangen sein lassen,,36887,70076,0,-1,0,0,0,0,0,0,0,0,0,0,29714,109,690,0,3,34144512,0,0,0,0,0
57338,-1,Bestandsverringerung,,36889,70076,0,-1,0,0,0,0,0,0,0,0,0,0,29716,109,690,0,3,34144512,0,0,0,0,0
57339,-1,Konstruktionsritual,,36890,77112,0,-1,0,0,0,0,0,0,0,0,0,0,31020,109,703,0,3,40435968,524288,12288,0,0,0
57340,-1,Tiefenrochenfestmahl,,36891,70076,0,-1,0,0,0,0,0,0,0,0,0,0,29718,109,690,0,3,34144512,0,0,0,0,0
57353,-1,Tiefennatternsäuberung,,36903,70076,0,-1,0,0,0,0,0,0,0,0,0,0,29729,109,690,0,3,37290240,0,0,0,0,0
57354,-1,Überfällig,,36904,70076,0,-1,0,0,0,0,0,0,0,0,0,0,29733,109,690,0,3,37290240,0,0,0,0,0
57359,-1,Beschwörungsritual,,36906,77106,0,-1,0,0,0,0,0,0,0,0,0,0,30361,109,703,0,3,36241408,524288,12288,0,0,0
57375,-1,Pulsierender Hügel,,36919,77107,0,-1,0,0,0,0,0,0,0,0,0,0,31030,109,703,0,3,40435968,524288,12288,0,0,0
57376,-6184943489809468494,Das verborgene Bedürfnis,,36920,0,0,-1,0,0,0,0,0,0,0,0,0,0,0,0,703,0,2,35651592,0,512,57198,0,0
57379,-1,Befallene Jadestatue,,36923,77107,0,-1,0,0,0,0,0,0,0,0,0,0,31031,109,703,0,3,40435968,524288,12288,0,0,0
57384,-1,Horrende Heilung,,36928,77120,0,-1,0,0,0,0,0,0,0,0,0,0,31062,109,703,0,3,36241408,524288,12288,0,0,0
57404,-1,Verheererbau,,36948,77120,0,-1,0,0,0,0,0,0,0,0,0,0,31063,109,703,0,3,36241408,524288,12288,0,0,0
57429,-1,Scheiterhaufen des Amalgamierten,,36973,77106,0,-1,0,0,0,0,0,0,0,0,0,0,30991,109,703,0,3,36241408,524288,12288,0,0,0
57443,-1,Drecksarbeit: Abrisstrupp,,36987,0,0,-1,0,0,0,0,0,0,0,0,0,0,31374,109,837,0,3,36241664,8192,0,57559,62706,0
57445,-1,Chins Nudelwagen,,36989,77120,0,-1,0,0,0,0,0,0,0,0,0,0,31064,109,703,0,3,36241408,524288,12288,0,0,0
57449,-1,Exekutor von N'Zoth,,36993,77106,0,-1,0,0,0,0,0,0,0,0,0,0,30992,109,703,0,3,36241408,524288,12288,0,0,0
57453,-1,Schwarmrufer,,36996,77120,0,-1,0,0,0,0,0,0,0,0,0,0,31065,109,703,0,3,36241408,524288,12288,0,0,0
57456,-1,Geisttrinker,,36999,77106,0,-1,0,0,0,0,0,0,0,0,0,0,30993,109,703,0,3,36241408,524288,12288,0,0,0
57465,-1,Drecksarbeit: Holzarbeiten,,37008,0,0,-1,0,0,0,0,0,0,0,0,0,0,31375,109,837,0,3,36241664,8192,0,57559,62706,0
57476,-1,Jagdgründe der Vil'thik,,37017,77120,0,-1,0,0,0,0,0,0,0,0,0,0,31066,109,703,0,3,36241408,524288,12288,0,0,0
57484,-1,Ritual des Erwachens,,37024,77120,0,-1,0,0,0,0,0,0,0,0,0,0,31067,109,703,0,3,36241408,524288,12288,0,0,0
57508,-1,Kriegsbanner der Zara'thik,,37041,77120,0,-1,0,0,0,0,0,0,0,0,0,0,31068,109,703,0,3,36241408,524288,12288,0,0,0
57510,-1,Dunkellord Taraxis,,37043,0,0,-1,0,0,0,0,0,0,0,0,0,0,0,0,742,0,3,34148672,0,4096,0,0,0
57517,-1,Schwarmrufer,,37050,77120,0,-1,0,0,0,0,0,0,0,0,0,0,31069,109,703,0,3,36241408,524288,12288,0,0,0
57519,-1,Schwarmrufer,,37053,77120,0,-1,0,0,0,0,0,0,0,0,0,0,31070,109,703,0,3,36241408,524288,12288,0,0,0
57521,-1,Verstärkter Kriegswagen,,37055,77120,0,-1,0,0,0,0,0,0,0,0,0,0,31071,109,703,0,3,36241408,524288,12288,0,0,0
57522,-1,Ruf der Leere,,37056,77106,0,-1,0,0,0,0,0,0,0,0,0,0,30994,109,703,0,3,40435712,532480,12288,0,0,0
57540,-1,Kunchonginkubator,,37074,77120,0,-1,0,0,0,0,0,0,0,0,0,0,31072,109,703,0,3,36241408,524288,12288,0,0,0
57541,-1,Ruf der Leere,,37075,77106,0,-1,0,0,0,0,0,0,0,0,0,0,30995,109,703,0,3,40435712,532480,12288,0,0,0
57542,-1,Schwarmrufer,,37076,77120,0,-1,0,0,0,0,0,0,0,0,0,0,31073,109,703,0,3,36241408,524288,12288,0,0,0
57543,-1,Exekutor von N'Zoth,,37077,77106,0,-1,0,0,0,0,0,0,0,0,0,0,30996,109,703,0,3,36241408,524288,12288,0,0,0
57556,-1,Der Schlund - Wöchentliche Schätze,,37090,5703,0,-1,0,0,0,0,0,0,0,0,0,0,0,109,742,0,3,33024,0,0,0,0,0
57558,-1,Brutstätte der Vil'thik,,37091,77120,0,-1,0,0,0,0,0,0,0,0,0,0,31074,109,703,0,3,36241408,524288,12288,0,0,0
57580,-1,Exekutor von N'Zoth,,37113,77106,0,-1,0,0,0,0,0,0,0,0,0,0,30997,109,703,0,3,36241408,524288,12288,0,0,0
57582,-1,Exekutor von N'Zoth,,37114,77106,0,-1,0,0,0,0,0,0,0,0,0,0,30998,109,703,0,3,36241408,524288,12288,0,0,0
57585,-1,Ruf der Leere,,37117,77106,0,-1,0,0,0,0,0,0,0,0,0,0,30999,109,703,0,3,40435712,532480,12288,0,0,0
57586,-1,Geisttrinker,,37118,77106,0,-1,0,0,0,0,0,0,0,0,0,0,31000,109,703,0,3,36241408,524288,12288,0,0,0
57587,-1,Geisttrinker,,37119,77106,0,-1,0,0,0,0,0,0,0,0,0,0,31001,109,703,0,3,36241408,524288,12288,0,0,0
57588,-1,Geisttrinker,,37120,77106,0,-1,0,0,0,0,0,0,0,0,0,0,31002,109,703,0,3,36241408,524288,12288,0,0,0
57589,-1,Geisttrinker,,37121,77106,0,-1,0,0,0,0,0,0,0,0,0,0,31003,109,703,0,3,36241408,524288,12288,0,0,0
57590,-1,Geisttrinker,,37122,77106,0,-1,0,0,0,0,0,0,0,0,0,0,31004,109,703,0,3,36241408,524288,12288,0,0,0
57591,-1,Geisttrinker,,37123,77106,0,-1,0,0,0,0,0,0,0,0,0,0,31005,109,703,0,3,36241408,524288,12288,0,0,0
57592,-1,Exekutor von N'Zoth,,37124,77106,0,-1,0,0,0,0,0,0,0,0,0,0,31006,109,703,0,3,36241408,524288,12288,0,0,0
57620,-1,Beschwörungsritual,,37150,77106,0,-1,0,0,0,0,0,0,0,0,0,0,30379,109,703,0,3,36241408,524288,12288,0,0,0
57621,-1,Beschwörungsritual,,37151,77106,0,-1,0,0,0,0,0,0,0,0,0,0,30380,109,703,0,3,36241408,524288,12288,0,0,0
57650,-1,Tot besser dran,,37184,88288,0,-1,0,0,0,0,0,0,0,0,0,0,30516,109,837,0,3,40435968,8192,0,0,0,0
57718,-1,Im Stein gefangen,,37253,75058,0,-1,0,0,0,0,0,0,0,0,0,0,31187,0,703,0,2,35651720,32768,512,0,0,0
57720,-1,Champions der Mogu,,37255,75059,0,-1,0,0,0,0,0,0,0,0,0,0,31188,0,703,0,2,35651720,32768,512,0,0,0
57721,-1,Kriegsbeute,,37256,75060,0,-1,0,0,0,0,0,0,0,0,0,0,31190,0,703,0,2,35651720,32768,512,0,0,0
57728,-1,Angriff: Der unendliche Schwarm,Kehrt zu Taoshi im Stillen Sanktum zurück.,37261,75565,0,-1,0,0,0,0,0,0,0,0,0,0,30231,268,703,0,3,34078976,524288,2,0,0,0
57737,-1,Rettung von Ramkahen,,37268,74880,0,-1,0,0,0,0,0,0,0,0,0,0,31205,0,703,0,2,35651720,32768,512,0,0,0
57773,-1,Hin- und hergerissen,,37302,74878,0,-1,0,0,0,0,0,0,0,0,0,0,31203,0,703,0,2,35651720,32768,512,0,0,0
57774,-1,Neun Leben,,37303,74879,0,-1,0,0,0,0,0,0,0,0,0,0,31204,0,703,0,2,35651720,32768,512,0,0,0
57917,-1,[DNT] Test - JAM,,37441,0,0,-1,0,0,0,0,0,0,0,0,0,0,0,0,798,0,2,37748744,0,546,0,0,0
57968,-1,Die wüstenwandernden Toten,,37489,76116,0,-1,0,0,0,0,0,0,0,0,0,0,31211,0,703,0,2,35651720,32768,512,57956,0,0
58010,-1,"Mehr Teilchen, mehr Teilchen!",,37529,76110,0,-1,0,0,0,0,0,0,0,0,0,0,31205,0,703,0,2,39846024,32768,512,56576,0,0
58084,-1,Seelenfesseln,,37593,73555,0,-1,0,0,0,0,0,0,0,0,0,0,31377,109,837,0,3,40435968,8192,0,0,0,0
58123,-1,Fai-Quest [internal only],,37630,0,0,-1,0,0,0,0,0,0,0,0,0,0,0,109,798,0,3,34144256,131072,0,0,0,0
58144,-1,Geschunden und verschrammt,,37648,73555,0,-1,0,0,0,0,0,0,0,0,0,0,31378,109,837,0,3,36241664,0,0,0,0,0
58146,16384,Für die Allianz,,37650,0,0,-1,0,0,0,0,0,0,0,0,0,0,0,0,863,0,2,39845896,8192,520,0,0,0
58147,16384,Fremder in einem fremden Land,,37651,0,0,-1,0,0,0,0,0,0,0,0,0,0,0,0,863,0,2,37748744,8192,520,58146,0,0
58151,-1,Diener von N'Zoth,,37654,74480,0,-1,0,0,0,0,0,0,0,0,0,0,0,0,703,0,2,33558536,32768,512,0,0,0
58155,-1,Eine Hand in der Dunkelheit,,37658,74481,0,-1,0,0,0,0,0,0,0,0,0,0,0,0,703,0,2,34607112,32768,512,0,0,0
58156,-1,Die Finsternis niederschlagen,,37659,74482,0,-1,0,0,0,0,0,0,0,0,0,0,0,0,703,0,2,34607112,32768,512,0,0,0
58167,-1,Vorbeugende Maßnahmen,,37670,74483,0,-1,0,0,0,0,0,0,0,0,0,0,0,0,703,0,2,33558536,32768,512,0,0,0
58168,-1,Finsteres Starren der Realität,,37671,74484,0,-1,0,0,0,0,0,0,0,0,0,173810,0,0,703,0,2,33558536,32768,512,0,0,0
58207,-1,Durchdrehen,,37710,74689,0,-1,0,0,0,0,0,0,0,0,0,0,30102,109,2060,0,3,40435968,8192,0,0,0,0
58216,-1,Verschlingendes Maul,,37719,77106,0,-1,0,0,0,0,0,0,0,0,0,0,30988,109,703,0,3,36241408,524288,12288,0,0,0
58221,-1,Revanche,,37724,74689,0,-1,0,0,0,0,0,0,0,0,0,0,30105,109,2060,0,3,40435968,8192,0,0,0,0
58229,-1,Vorbildfunktion,,37732,74881,0,-1,0,0,0,0,0,0,0,0,0,0,31206,0,703,0,2,35651720,32768,512,0,0,0
58230,-1,Die Augen schließen,,37733,74882,0,-1,0,0,0,0,0,0,0,0,0,0,31207,0,703,0,2,35651720,32768,512,0,0,0
58231,-1,Weisheit aus Wahnsinn,,37734,74883,0,-1,0,0,0,0,0,0,0,0,0,0,31208,0,703,0,2,35651720,32768,512,0,0,0
58232,-1,Ordnung im Chaos,,37735,74884,0,-1,0,0,0,0,0,0,0,0,0,0,31209,1,703,0,2,35651720,32768,512,0,0,0
58233,-1,Entstellte Verderber,,37736,74885,0,-1,0,0,0,0,0,0,0,0,0,0,31210,0,703,0,2,35651720,32768,512,0,0,0
58234,-1,Fragwürdige Ressourcenbeschaffung,,37737,74886,0,-1,0,0,0,0,0,0,0,0,0,0,31211,0,703,0,2,35651720,32768,512,0,0,0
58235,-1,Anker des Schwarzen Imperiums,,37738,74887,0,-1,0,0,0,0,0,0,0,0,0,0,31212,0,703,0,2,35651720,32768,512,0,0,0
58236,-1,Symbolische Zerstörung,,37739,74888,0,-1,0,0,0,0,0,0,0,0,0,0,31213,0,703,0,2,35651720,32768,512,0,0,0
58237,-1,Uldum reinigen,,37740,74889,0,-1,0,0,0,0,0,0,0,0,0,0,31214,0,703,0,2,35651720,32768,512,0,0,0
58238,-1,Verloren und gefoltert,,37741,74890,0,-1,0,0,0,0,0,0,0,0,0,0,31215,0,703,0,2,35651720,32768,512,0,0,0
58239,-1,Lektionen im Plündern,,37742,74891,0,-1,0,0,0,0,0,0,0,0,0,0,31216,0,703,0,2,35651720,32768,512,0,0,0
58256,-1,Verschlingendes Maul,,37748,77106,0,-1,0,0,0,0,0,0,0,0,0,0,30987,109,703,0,3,36241408,524288,12288,0,0,0
58257,-1,Verschlingendes Maul,,37749,77106,0,-1,0,0,0,0,0,0,0,0,0,0,30986,109,703,0,3,36241408,524288,12288,0,0,0
58258,-1,Verschlingendes Maul,,37750,77106,0,-1,0,0,0,0,0,0,0,0,0,0,30985,109,703,0,3,36241408,524288,12288,0,0,0
58268,-1,Hoch hinaus,,37760,80768,0,-1,0,0,0,0,0,0,0,0,0,0,0,0,1334,0,2,37748744,8192,512,57912,0,0
58271,-1,Ritual der Leerenflamme,,37763,77106,0,-1,0,0,0,0,0,0,0,0,0,0,30989,109,703,0,3,36241408,524288,12288,0,0,0
58275,-1,Monströse Beschwörung,,37767,77106,0,-1,0,0,0,0,0,0,0,0,0,0,30990,109,703,0,3,36241408,524288,12288,0,0,0
58276,-1,Mar'at in Flammen,,37768,77106,0,-1,0,0,0,0,0,0,0,0,0,0,30984,109,703,0,3,36241408,524288,12288,0,0,0
58277,-1,Dunkle Täuscher,,37769,74892,0,-1,0,0,0,0,0,0,0,0,0,0,31217,0,703,0,2,35651720,32768,512,0,0,0
58281,-1,Uralte Ausrüstung,,37773,74709,0,-1,0,0,0,0,0,0,0,0,0,0,31203,0,703,0,2,35651720,32768,512,0,0,0
58282,-1,Aus dem Himmel herab,,37774,74710,0,-1,0,0,0,0,0,0,0,0,0,0,31204,0,703,0,2,35651720,32768,512,0,0,0
58283,-1,Blinde führen Blinde,,37775,74711,0,-1,0,0,0,0,0,0,0,0,0,0,31205,0,703,0,2,35651720,32768,512,0,0,0
58284,-1,Erlasse des Sonnenkönigs,,37776,74712,0,-1,0,0,0,0,0,0,0,0,0,0,31206,0,703,0,2,35651720,32768,512,0,0,0
58285,-1,Ausgegrabene Artefakte,,37777,74714,0,-1,0,0,0,0,0,0,0,0,0,0,31207,0,703,0,2,2097288,32768,512,0,0,0
58286,-1,Fern der Heimat,,37778,74715,0,-1,0,0,0,0,0,0,0,0,0,0,31208,0,703,0,2,35651720,32768,512,0,0,0
58287,-1,Ein durchschlagender Plan,,37779,74717,0,-1,0,0,0,0,0,0,0,0,0,0,31209,0,703,0,2,35651720,32768,512,0,0,0
58288,-1,Die Erwählten des Sonnenkönigs,,37780,74718,0,-1,0,0,0,0,0,0,0,0,0,0,31210,0,703,0,2,35651720,32768,512,0,0,0
58289,-1,Bewachte Geheimnisse,,37781,74719,0,-1,0,0,0,0,0,0,0,0,0,0,31211,0,703,0,2,35651720,32768,512,0,0,0
58290,-1,Champions der Amathet,,37782,74720,0,-1,0,0,0,0,0,0,0,0,0,0,31212,1,703,0,2,35651720,32768,512,0,0,0
58291,-1,Wüste Wilderer,,37783,74721,0,-1,0,0,0,0,0,0,0,0,0,0,31213,0,703,0,2,35651720,32768,512,0,0,0
58321,-1,Ungewöhnlicher Kern,,37813,74722,0,-1,0,0,0,0,0,0,0,0,0,0,31214,1,703,0,2,35651720,32768,512,0,0,0
58334,-1,Nebelhauch in Flammen,,34706,77112,0,-1,0,0,0,0,0,0,0,0,0,0,31007,109,703,0,3,36241408,524288,12288,0,0,0
58367,-1,Ermächtigter Verwüster,,37828,77112,0,-1,0,0,0,0,0,0,0,0,0,0,31008,109,703,0,3,36241408,524288,12288,0,0,0
58370,-1,Ermächtigter Verwüster,,37835,77112,0,-1,0,0,0,0,0,0,0,0,0,0,31009,109,703,0,3,36241408,524288,12288,0,0,0
58420,-1,Übles Ärgernis,,37905,74898,0,-1,0,0,0,0,0,0,0,0,0,0,31191,0,703,0,2,35651720,32768,512,56935,0,0
58422,-1,Zeichen der Eroberer,,37907,74902,0,-1,0,0,0,0,0,0,0,0,0,0,31195,0,703,0,2,35651720,32768,512,56935,0,0
58423,-1,Die Stärksten unter ihnen,,37908,74894,0,-1,0,0,0,0,0,0,0,0,0,0,31187,0,703,0,2,35651720,32768,512,56935,0,0
58432,-1,"Etwas Altes, etwas Gebrauchtes",,37917,83780,0,-1,131073,0,0,0,0,0,0,0,0,178554,0,0,2060,0,2,39878664,8192,512,60041,61516,0
58437,-1,Teile für ein Ganzes,,37922,89132,0,-1,0,0,0,0,0,0,0,0,0,174110,30181,109,837,0,3,40435968,8192,512,0,0,0
58438,-1,Verschlingendes Maul,,37923,77107,0,-1,0,0,0,0,0,0,0,0,0,0,30902,109,703,0,3,36241664,524288,12288,0,0,0
58439,-1,Verschlingendes Maul,,37924,75565,0,-1,0,0,0,0,0,0,0,0,0,0,30903,109,703,0,3,36241664,524288,12288,0,0,0
58442,-1,Verschlingendes Maul,,37927,77107,0,-1,0,0,0,0,0,0,0,0,0,0,30904,109,703,0,3,36241664,524288,12288,0,0,0
58460,-1,Würdenträger des Wahnsinn,,37945,74896,0,-1,0,0,0,0,0,0,0,0,0,0,31189,1,703,0,2,35651720,32768,512,56935,0,0
58461,-1,Folianten des uralten Wahnsinns,,37946,74906,0,-1,0,0,0,0,0,0,0,0,0,0,31199,0,703,0,2,35651720,32768,512,56935,0,0
58462,-1,Fenster zur Seele,,37947,74901,0,-1,0,0,0,0,0,0,0,0,0,0,31194,0,703,0,2,35651720,32768,512,56935,0,0
58463,-1,Bestien des Wahnsinns,,37948,74900,0,-1,0,0,0,0,0,0,0,0,0,0,31193,0,703,0,2,35651720,32768,512,56935,0,0
58464,-1,Tiefenbautilgung,,37949,74907,0,-1,0,0,0,0,0,0,0,0,0,0,31200,0,703,0,2,33554568,32768,512,56935,0,0
58465,-1,Manifestation der Verderbnis,,37950,74899,0,-1,0,0,0,0,0,0,0,0,0,0,31192,0,703,0,2,35651720,32768,512,56935,0,0
58466,-1,Qual aus dem Jenseits,,37951,74903,0,-1,0,0,0,0,0,0,0,0,0,0,31196,0,703,0,2,35651720,32768,512,56935,0,0
58467,-1,Gefangene in Geist und Körper,,37952,74904,0,-1,0,0,0,0,0,0,0,0,0,0,31197,0,703,0,2,35651720,32768,512,56935,0,0
58468,-1,Eine heranwachsende Dunkelheit,,37953,74908,0,-1,0,0,0,0,0,0,0,0,0,0,31201,0,703,0,2,33554568,32768,512,56935,0,0
58469,-1,Risse im Tal,,37954,74909,0,-1,0,0,0,0,0,0,0,0,0,0,31202,0,703,0,2,33554568,32768,512,56935,0,0
58470,-1,Verderbte Raritäten,,37955,74895,0,-1,0,0,0,0,0,0,0,0,0,0,31188,0,703,0,2,35651720,32768,512,56935,0,0
58471,-1,Aggressive Anmerkungen,,37956,74897,0,-1,0,0,0,0,0,0,0,0,0,174197,31190,0,703,0,2,35782792,32768,512,56935,0,0
58476,-1,Donner zieht heran,,37960,75062,0,-1,0,0,0,0,0,0,0,0,0,0,31191,0,703,0,2,35651720,32768,512,0,0,0
58477,-1,Durch Blut und Dreck und Knochen,,37961,75061,0,-1,0,0,0,0,0,0,0,0,0,0,31193,0,703,0,2,35651720,32768,512,0,0,0
58478,-1,Kein Stein bleibt ganz,,37962,75063,0,-1,0,0,0,0,0,0,0,0,0,0,31192,0,703,0,2,35651720,32768,512,0,0,0
58479,-1,Blitzeinschläge,,37963,75875,0,-1,0,0,0,0,0,0,0,0,0,0,31195,0,703,0,2,35651720,32768,512,0,0,0
58481,-1,Blutrituale,,37965,75876,0,-1,0,0,0,0,0,0,0,0,0,0,31196,0,703,0,2,35651720,32768,512,0,0,0
58485,-1,Erbaut für den Fall,,37968,75877,0,-1,0,0,0,0,0,0,0,0,0,0,31197,0,703,0,2,35651720,32768,512,0,0,0
58487,-1,Die Plünderer ausplündern,,37970,75874,0,-1,0,0,0,0,0,0,0,0,0,0,31189,0,703,0,2,35651720,32768,512,0,0,0
58490,-1,Tödliche Erinnerung,,37973,88288,0,-1,0,0,0,0,0,0,0,0,0,0,30515,109,837,0,3,40435968,8192,0,0,0,0
58505,-1,Geplanter Untergang,,37987,88288,0,-1,0,0,0,0,0,0,0,0,0,0,30524,109,837,0,3,40435968,8192,0,0,0,0
58595,-1,Säulen der Auslöschung,,38075,74905,0,-1,0,0,0,0,0,0,0,0,0,0,31198,0,703,0,2,35651720,32768,512,56935,0,0
58601,-1,Netz der Informationen,,38079,74689,0,-1,0,0,0,0,0,0,0,0,0,0,31379,109,2060,0,3,40435968,8192,0,0,0,0
58605,-1,Amateurabend,,38083,74689,0,-1,0,0,0,0,0,0,0,0,0,0,30574,111,837,0,3,41484544,8192,0,0,0,0
58609,-1,Den Sitz einnehmen,,38087,70104,0,-1,2,0,0,0,0,0,0,0,0,0,0,0,2060,0,2,39845888,8196,520,57878,62000,0
58660,-1,Grabende Schrecken,,38138,77118,0,-1,0,0,0,0,0,0,0,0,0,0,31048,109,703,0,3,36241408,524288,12288,0,0,0
58661,-1,Grabende Schrecken,,38139,77118,0,-1,0,0,0,0,0,0,0,0,0,0,31049,109,703,0,3,36241408,524288,12288,0,0,0
58662,-1,Grabende Schrecken,,38140,77118,0,-1,0,0,0,0,0,0,0,0,0,0,31050,109,703,0,3,36241408,524288,12288,0,0,0
58667,-1,Obsidianextraktion,,38145,77118,0,-1,0,0,0,0,0,0,0,0,0,0,31051,109,703,0,3,36241408,524288,12288,0,0,0
58673,-6184943489809468494,Kriegshäuptling der Horde,,38151,0,0,-1,0,0,0,0,0,0,0,0,0,0,0,0,781,0,2,35651592,0,512,58672,0,0
58676,-1,Schlummernder Zerstörer,,38154,77118,0,-1,0,0,0,0,0,0,0,0,0,0,31052,109,703,0,3,36241408,524288,12288,0,0,0
58679,-1,Schlummernder Zerstörer,,38157,77118,0,-1,0,0,0,0,0,0,0,0,0,0,31053,109,703,0,3,36241408,524288,12288,0,0,0
58703,-1,GESUCHT: Lady Narjiss,,38181,0,0,-1,0,0,0,0,0,0,0,0,0,0,0,266,690,0,2,37748992,139264,512,0,0,0
58705,-1,Großkaiserin Shek'zara,,38183,75790,0,-1,0,0,0,0,0,0,0,0,0,0,30186,112,703,0,3,37290304,0,0,56935,0,0
58740,-1,Unterjochte Schlangen,,38215,75873,0,-1,0,0,0,0,0,0,0,0,0,0,31194,1,703,0,2,35651720,32768,512,0,0,0
58741,-1,Steinschneider,,38216,75878,0,-1,0,0,0,0,0,0,0,0,0,0,31198,0,703,0,2,35651720,32768,512,0,0,0
58742,-1,Retinus der Sucher,,38217,76415,0,-1,0,0,0,0,0,0,0,0,0,0,30776,115,464,0,3,3735808,0,0,0,0,0
58743,-1,Dünenkrabbler,,38218,76415,0,-1,0,0,0,0,0,0,0,0,0,0,30777,115,464,0,3,3735808,0,0,0,0,0
58744,-1,"Ich bin der, der flüstert",,38219,76415,0,-1,0,0,0,0,0,0,0,0,0,0,30778,115,464,0,3,3735808,0,0,0,0,0
58745,-1,"Passt auf, wo Ihr hintretet",,38220,76415,0,-1,0,0,0,0,0,0,0,0,0,0,30779,115,464,0,3,3735808,0,0,0,0,0
58746,-1,Winziger Wahnsinn,,38221,76416,0,-1,0,0,0,0,0,0,0,0,0,0,30780,115,464,0,3,3735808,0,0,0,0,0
58747,-1,Hirnkribbeln,,38222,76416,0,-1,0,0,0,0,0,0,0,0,0,0,30781,115,464,0,3,3735808,0,0,0,0,0
58748,-1,Lebende Statuen sind hart,,38223,76416,0,-1,0,0,0,0,0,0,0,0,0,0,30782,115,464,0,3,3735808,0,0,0,0,0
58749,-1,Flug der Vil'thik,,38224,76416,0,-1,0,0,0,0,0,0,0,0,0,0,30783,115,464,0,3,3735808,0,0,0,0,0
58753,-1,Feather Fall Tracking Quest,,38228,0,0,-1,0,0,0,0,0,0,0,0,0,0,0,0,2060,0,3,33588232,0,0,0,0,0
58754,-1,Champions des Schwarms,,38229,76029,0,-1,0,0,0,0,0,0,0,0,0,0,31187,0,703,0,2,35651720,32768,512,0,0,0
58755,-1,Versteckte Vorräte,,38230,76030,0,-1,0,0,0,0,0,0,0,0,0,0,31188,0,703,0,2,35651720,32768,512,0,0,0
58756,-1,Grausige Heiler,,38231,76033,0,-1,0,0,0,0,0,0,0,0,0,0,31191,0,703,0,2,35651720,32768,512,0,0,0
58757,-1,Testen der Prüflinge,,38232,76034,0,-1,0,0,0,0,0,0,0,0,0,0,31192,0,703,0,2,35651720,32768,512,0,0,0
58758,-1,Wilde Zerstörer,,38233,76035,0,-1,0,0,0,0,0,0,0,0,0,0,31193,1,703,0,2,35651720,32768,512,0,0,0
58759,-1,Die Garde der Kaiserin,,38234,76036,0,-1,0,0,0,0,0,0,0,0,0,0,31194,1,703,0,2,35651720,32768,512,0,0,0
58760,-1,Klingen aus Bern,,38235,76031,0,-1,0,0,0,0,0,0,0,0,0,0,31189,0,703,0,2,35651720,32768,512,0,0,0
58761,-1,Mit Füßen getreten,,38236,76037,0,-1,0,0,0,0,0,0,0,0,0,0,31195,0,703,0,2,35651720,32768,512,0,0,0
58762,-1,Gefangene des Schwarms,,38237,76038,0,-1,0,0,0,0,0,0,0,0,0,0,31196,0,703,0,2,35651720,32768,512,0,0,0
58763,-1,Produktionsstopp,,38238,76039,0,-1,0,0,0,0,0,0,0,0,0,0,31197,0,703,0,2,35651720,32768,512,0,0,0
58764,-1,Standarten des Schwarms,,38239,76040,0,-1,0,0,0,0,0,0,0,0,0,0,31198,0,703,0,2,34603144,32768,512,0,0,0
58765,-1,Belagerungsbrecher,,38240,76032,0,-1,0,0,0,0,0,0,0,0,0,0,31190,0,703,0,2,35651720,32768,512,0,0,0
58776,-1,Brutprobleme,,38250,76115,0,-1,0,0,0,0,0,0,0,0,0,0,31210,0,703,0,2,35651720,32768,512,0,0,0
58777,-1,Trampelkommando,,38251,76111,0,-1,0,0,0,0,0,0,0,0,0,0,31206,0,703,0,2,35651720,32768,512,0,0,0
58778,-1,Kopfarbeit,,38252,76117,0,-1,0,0,0,0,0,0,0,0,0,0,31212,1,703,0,2,35651720,32768,512,0,0,0
58779,-1,Himmelseroberung,,38253,76118,0,-1,0,0,0,0,0,0,0,0,0,0,31213,0,703,0,2,35651720,32768,512,0,0,0
58780,-1,Herolde des Schwarms,,38254,76119,0,-1,0,0,0,0,0,0,0,0,0,0,31214,1,703,0,2,35651720,32768,512,0,0,0
58781,-1,Schrecken der Tiefe,,38255,76108,0,-1,0,0,0,0,0,0,0,0,0,0,31203,0,703,0,2,35651720,32768,512,0,0,0
58782,-1,Zurückgelassen,,38256,76109,0,-1,0,0,0,0,0,0,0,0,0,0,31204,0,703,0,2,35651720,32768,512,0,0,0
58881,-1,Tracking Quest,,38353,0,0,-1,0,0,0,0,0,0,0,0,0,0,0,265,703,0,3,34144320,0,0,0,0,0
58900,-1,Eine sichere Wette,,38369,0,0,-1,0,0,0,0,0,0,0,0,0,0,0,0,1335,0,2,39845896,8192,512,59837,0,0
58918,-1,Huwerath,,38387,73557,0,-1,0,0,0,0,0,0,0,0,0,0,32643,0,742,0,3,40436160,0,4096,0,0,0
58952,-1,Läuternde Flammen,,38421,77118,0,-1,0,0,0,0,0,0,0,0,0,0,31054,109,703,0,3,36241408,524288,12288,0,0,0
58961,-1,Überfallene Siedler,,38430,77118,0,-1,0,0,0,0,0,0,0,0,0,0,31055,109,703,0,3,36241408,524288,12288,0,0,0
58974,-1,Überfallene Siedler,,38443,77118,0,-1,0,0,0,0,0,0,0,0,0,0,31056,109,703,0,3,36241408,524288,12288,0,0,0
58975,-1,Schädlingsbekämpfung,,38444,0,0,-1,0,0,0,0,0,0,0,0,0,0,32072,109,2060,0,3,37290240,0,0,57559,62706,0
58981,-1,Verhärteter Bau,,38450,77118,0,-1,0,0,0,0,0,0,0,0,0,0,31057,109,703,0,3,36241408,524288,12288,0,0,0
58985,-1,Verängstige Seele,,38452,21439,0,-1,0,0,0,0,0,0,0,0,0,0,0,0,742,0,3,40440128,0,0,0,0,0
58990,-1,Titanusei,,38457,77118,0,-1,0,0,0,0,0,0,0,0,0,0,31058,109,703,0,3,36241408,524288,12288,0,0,0
58993,-1,Schwarmverteidigung,,38460,0,0,-1,0,0,0,0,0,0,0,0,0,0,32054,109,2060,0,3,37290240,0,0,57559,62706,0
58999,-1,Gefesselte Seele,,38465,21439,0,-1,0,0,0,0,0,0,0,0,0,0,0,0,742,0,3,40440128,0,4096,0,0,0
59003,-1,Entzündliche Kokons,,38469,77118,0,-1,0,0,0,0,0,0,0,0,0,0,31059,109,703,0,3,36241408,524288,12288,0,0,0
59007,-1,Seelenbrunnen,,38473,89148,0,-1,0,0,0,0,0,0,0,0,0,0,0,0,742,0,3,40440256,0,0,0,0,0
59015,-1,Feindselige Erinnerungen,,38481,93206,0,-1,0,0,0,0,0,0,0,0,0,0,0,0,1319,0,3,34144256,0,0,58977,0,0
59067,-1,Kugel der Befreiung,,38532,21439,0,-1,0,0,0,0,0,0,0,0,0,0,0,0,742,0,3,40440128,0,0,0,0,0
59183,-1,Treibender Kummer,,38617,73557,0,-1,0,0,0,0,0,0,0,0,0,0,32646,0,742,0,3,40436160,0,4096,0,0,0
59184,-1,Borr-Geth,,38618,73557,0,-1,0,0,0,0,0,0,0,0,0,0,0,0,742,0,3,38342976,0,4096,0,0,0
59211,-1,Vergessenes Dorf,,38657,88458,0,-1,0,0,0,0,0,0,0,0,0,0,0,0,746,0,3,34144256,0,0,60313,0,0
59229,-1,Gigantischer Sucher,,38675,73557,0,-1,0,0,0,0,0,0,0,0,0,0,0,0,742,0,3,40440128,0,4096,0,0,0
59230,-1,"Dartanos, der Seelenschinder",,38676,73557,0,-1,0,0,0,0,0,0,0,0,0,0,32645,0,742,0,3,36241856,0,4096,0,0,0
59234,-1,Schlamasselmix,,38680,88288,0,-1,0,0,0,0,0,0,0,0,0,0,31106,109,837,0,3,40435968,8192,512,0,0,0
59259,-1,Der ewige Peiniger,,38705,73557,0,-1,0,0,0,0,0,0,0,0,0,0,0,0,742,0,3,40440256,0,4096,0,0,0
59441,-1,Seelenschmied Yol-Mattar,,38874,73557,0,-1,0,0,0,0,0,0,0,0,0,0,32639,0,742,0,3,40436160,0,4096,0,0,0
59578,-1,Mut zur Demut,,39010,0,0,-1,0,0,0,0,0,0,0,0,0,0,31259,109,837,0,3,37290240,0,0,57559,62706,0
59581,-1,Die Stärke von Sündensturz,,39012,73555,0,-1,0,0,0,0,0,0,0,0,0,0,31227,109,837,0,3,36241664,0,0,0,0,0
59585,-1,Wir machen noch einen Aspiranten aus Euch,,39016,0,0,-1,0,0,0,0,0,0,0,0,0,0,31233,109,837,0,3,37290240,0,0,57559,62706,0
59598,-1,Gut für die Seele,,39029,87624,0,-1,0,0,0,0,0,0,0,0,0,0,0,0,837,0,2,37748736,4202496,520,0,0,0
59599,-1,Die Bewahrung des Hofes,,39030,73555,0,-1,0,0,0,0,0,0,0,0,0,0,31236,109,837,0,3,36241664,8192,0,0,0,0
59600,-1,Fauldornärger,,39031,0,0,-1,0,0,0,0,0,0,0,0,0,0,31237,109,2060,0,3,36241664,0,0,57559,62706,0
59601,-1,Angriff auf die Vorhallen,,39032,87182,0,-1,0,0,0,0,0,0,0,0,0,0,31261,109,837,0,3,3735808,0,0,57559,62706,0
59603,-1,Im Dienste der Schattenlande,,39034,87677,0,-1,0,0,0,0,0,0,0,0,0,0,0,0,837,0,2,38797312,4202496,520,63054,0,0
59609,-1,Keine Ruhe für die Toten,,39037,70104,0,-1,0,0,0,0,0,0,0,0,0,0,0,0,837,0,2,39845888,4202496,520,62848,0,0
59617,-1,Steinscheusalsaboteure,,39044,88130,0,-1,0,0,0,0,0,0,0,0,0,0,31246,109,2060,0,3,36241664,8192,0,0,0,0
59642,-1,Haareraufen,,39068,88843,0,-1,0,0,0,0,0,0,0,0,0,0,29956,109,837,0,3,40435968,8192,512,0,0,0
59643,-1,Renntag in den Bollwerken!,,39069,73555,0,-1,0,0,0,0,0,0,0,0,0,0,31262,109,837,0,3,40435968,8192,0,0,0,0
59658,-1,Dominanz beweisen,,39661,71941,0,-1,0,0,0,0,0,0,0,0,0,0,31397,113,837,0,3,3735808,0,0,57559,62706,0
59680,-1,Vesiphones vermaledeite Vesperglocke,,39122,87248,0,-1,0,0,0,0,0,0,0,0,0,0,31274,109,837,0,3,36241664,8192,0,57559,62706,0
59703,-1,Bomberangriff,,39146,79434,0,-1,0,0,0,0,0,0,0,0,0,0,31294,109,837,0,3,36241664,0,0,0,0,0
59705,-1,Nicht vergessen,,39148,0,0,-1,0,0,0,0,0,0,0,0,0,0,31301,109,837,0,3,37290240,0,0,57559,62706,0
59717,-1,Nicht vergessen,,39160,0,0,-1,0,0,0,0,0,0,0,0,0,0,31325,109,837,0,3,37290240,0,0,57559,62706,0
59718,-1,Segelnder Sonnenschirm,,39161,73555,0,-1,0,0,0,0,0,0,0,0,0,0,31352,109,837,0,3,40435968,8192,0,0,0,0
59743,-1,Die Spinne an der Mauer,,39186,74689,0,-1,0,0,0,0,0,0,0,0,0,0,31373,109,2060,0,3,36241664,0,0,0,0,0
59771,-1,Geschichte der Verderbnis,,39215,95859,0,-1,0,0,0,0,0,0,0,0,0,177836,31385,109,837,0,3,36241664,0,0,57559,62706,0
59772,-1,Forschungszerstörung,,39216,83700,0,-1,0,0,0,0,0,0,0,0,0,0,33141,0,1401,0,2,33554440,32768,512,0,0,0
59782,-1,Der Ergebene des Todessprechers,,39222,83703,0,-1,0,0,0,0,0,0,0,0,0,0,33139,0,1401,0,2,33554440,32768,512,0,0,0
59783,-1,Kultistenentführer,,39223,83703,0,-1,0,0,0,0,0,0,0,0,0,0,33140,0,1401,0,2,33554440,32768,512,0,0,0
59789,-1,Zehnt und Steuern,,39225,83243,0,-1,0,0,0,0,0,0,0,0,0,0,31391,109,837,0,3,36372736,8192,0,0,0,0
59803,-1,Für die Ehre,,39237,71941,0,-1,0,0,0,0,0,0,0,0,0,0,31396,113,837,0,3,3735808,0,0,57559,62706,0
59804,-1,Tore des Schreckens,,39238,0,0,-1,0,0,0,0,0,0,0,0,0,0,31392,109,837,0,3,36241664,0,0,57559,62706,0
59808,-1,Losgeschmuddelt,,39242,73555,0,-1,0,0,0,0,0,0,0,0,0,0,31393,109,837,0,3,36372736,0,0,0,0,0
59825,-1,Samenjagd,,39268,71941,0,-1,0,0,0,0,0,0,0,0,0,0,31398,113,837,0,3,3735808,0,0,57559,62706,0
59826,-1,Wettet auf Euch selbst,,39261,0,0,-1,131073,0,0,0,0,0,0,0,0,0,31399,1,837,0,2,39845896,40960,512,57316,59843,0
59827,-1,Wettet auf Euch selbst,,39262,0,0,-1,131073,0,0,0,0,0,0,0,0,0,31401,1,837,0,2,39845896,40960,512,57316,59843,0
59828,-1,Wettet auf Euch selbst,,39263,0,0,-1,131073,0,0,0,0,0,0,0,0,0,31400,1,837,0,2,39845896,40960,512,57316,59843,0
59836,-1,Längst errungene Siege,,42431,74689,0,-1,0,0,0,0,0,0,0,0,0,0,32715,109,837,0,3,40435968,8192,0,0,0,0
59838,-1,Kriegsmaschinen der Geißel,,39274,83700,0,-1,0,0,0,0,0,0,0,0,0,182313,33487,0,1401,0,2,33554440,32768,512,0,0,0
59839,-1,WARNUNG: Dies ist nur ein Test!,,39275,87032,0,-1,0,0,0,0,0,0,0,0,0,0,33223,0,1401,0,2,33554440,32768,512,0,0,0
59843,-1,Tracking Quest,,39278,0,0,-1,1,0,0,0,0,0,0,0,0,0,0,0,0,0,2,33588224,0,512,0,0,0
59847,-1,Verteidigung des Walls,,39280,83700,0,-1,0,0,0,0,0,0,0,0,0,0,33494,0,1401,0,2,33554440,32768,512,0,0,0
59848,-1,Teegeplauder: Theotar,,39281,78835,0,-1,0,0,0,0,0,0,0,0,0,0,34807,109,837,0,3,36241664,0,0,0,0,0
59850,-1,Teegeplauder: Vulca,,39282,78836,0,-1,0,0,0,0,0,0,0,0,0,0,34807,109,837,0,3,36241664,0,0,0,0,0
59851,-1,Zu Eis erstarrt,,39283,83700,0,-1,0,0,0,0,0,0,0,0,0,182199,33413,0,1401,0,2,33554440,32768,512,0,0,0
59852,-1,Teegeplauder: Gubbins und Tubbins,,39284,78837,0,-1,0,0,0,0,0,0,0,0,0,0,34807,109,837,0,3,36241664,0,0,0,0,0
59853,-1,Teegeplauder: Verlorene Sibylle,,39285,78838,0,-1,0,0,0,0,0,0,0,0,0,0,34808,109,837,0,3,36241664,0,0,0,0,0
59855,-1,Signifikante Spiegelstörungen,,39287,79970,0,-1,0,0,0,0,0,0,0,0,0,0,33667,109,837,0,3,40435968,0,0,0,0,0
59863,-1,Kampfnullifizierer 07-X,,39297,87032,0,-1,0,0,0,0,0,0,0,0,0,0,33447,0,1401,0,2,36700168,32768,512,0,0,0
59867,-1,GESUCHT: Gutachter Vix,,39300,79462,0,-1,0,0,0,0,0,0,0,0,0,0,0,1,837,0,2,39845888,8192,512,0,0,0
59878,-1,Zu viele Welpen,,39312,83703,0,-1,1,0,0,0,0,0,0,0,0,0,33200,0,1401,0,2,33554440,32768,512,0,0,0
59902,-1,Ein unverhoffter Schatz,,39335,73555,0,-1,0,0,0,0,0,0,0,0,0,0,31481,109,837,0,3,40435968,8192,0,0,0,0
59904,-1,Ein unverhoffter Schatz,,39337,73555,0,-1,0,0,0,0,0,0,0,0,0,0,31482,109,837,0,3,40435968,8192,0,0,0,0
59905,-1,Ein unverhoffter Schatz,,39338,73555,0,-1,0,0,0,0,0,0,0,0,0,0,31483,109,837,0,3,40435968,8192,0,0,0,0
60010,-1,Tremaculum: Befreite Seelen,,39436,21439,0,-1,0,0,0,0,0,0,0,0,0,0,5740,109,742,0,3,34144512,0,0,0,0,0
60011,-1,Calcis: Dechiffrierung,,39437,73557,0,-1,0,0,0,0,0,0,0,0,0,0,3785,136,742,0,3,34144256,0,0,0,0,0
60012,-1,Zovaals Kessel: Stygiaüberschuss,,39438,21439,0,-1,0,0,0,0,0,0,0,0,0,0,5740,136,742,0,3,34144256,0,0,0,0,0
60110,-1,Nur ein kleiner Freundschaftsdienst von mir,,39514,70104,0,-1,1,0,0,0,0,0,0,0,0,0,0,0,837,0,2,39845888,8192,512,60049,57648,0
60111,-1,Eine Freundschaft schmieden,,39515,70104,0,-1,0,0,0,0,0,0,0,0,0,0,0,0,837,0,2,39845888,8192,512,62406,0,0
60231,-1,Zustand des Verfalls,,41840,71941,0,-1,0,0,0,0,0,0,0,0,0,0,31600,113,837,0,3,3735808,0,0,57559,62706,0
60236,-1,Rückmeldung: Grufthüter Kassir,,0,90001,0,-1,0,0,0,0,0,0,0,0,0,0,0,0,2060,0,2,2097152,32768,512,61704,0,0
60291,-1,Leichenrückkehr,,39670,88018,0,-1,0,0,0,0,0,0,0,0,0,178599,0,0,2060,0,2,39878664,8192,512,57597,0,0
60337,-1,Puppentruppen,,39709,0,0,-1,0,0,0,0,0,0,0,0,0,0,31710,109,837,0,3,37290240,0,0,57559,62706,0
60358,-1,Güldenitrausch,,39728,84987,0,-1,1,0,0,0,0,0,0,0,0,0,31718,271,2060,0,2,101187840,0,0,0,0,0
60363,-1,Güldenitrausch,,39728,84988,0,-1,1,0,0,0,0,0,0,0,0,0,31718,271,2060,0,2,101187840,0,0,0,0,0
60364,-1,Güldenitrausch,,39728,84990,0,-1,1,0,0,0,0,0,0,0,0,0,31718,271,2060,0,2,101187840,0,0,0,0,0
60365,-1,Güldenitrausch,,39728,84989,0,-1,1,0,0,0,0,0,0,0,0,0,31718,271,2060,0,2,101187840,0,0,0,0,0
60369,-1,Wilder Waldholzwahn,,39736,84990,0,-1,1,0,0,0,0,0,0,0,0,0,31814,271,2060,0,2,101187840,0,0,0,0,0
60370,-1,Wilder Waldholzwahn,,39736,84989,0,-1,1,0,0,0,0,0,0,0,0,0,31814,271,2060,0,2,101187840,0,0,0,0,0
60371,-1,Wilder Waldholzwahn,,39736,84988,0,-1,1,0,0,0,0,0,0,0,0,0,31814,271,2060,0,2,101187840,0,0,0,0,0
60372,-1,Wilder Waldholzwahn,,39736,84987,0,-1,1,0,0,0,0,0,0,0,0,0,31814,271,2060,0,2,101187840,0,0,0,0,0
60373,-1,Trauerrankenspiel,,39737,84990,0,-1,1,0,0,0,0,0,0,0,0,0,31813,271,2060,0,2,101187840,0,0,0,0,0
60374,-1,Knochenmetallkrise,,39738,84990,0,-1,1,0,0,0,0,0,0,0,0,0,31812,271,2060,0,2,101187840,0,0,0,0,0
60375,-1,Knochenmetallkrise,,39738,84989,0,-1,1,0,0,0,0,0,0,0,0,0,31812,271,2060,0,2,101187840,0,0,0,0,0
60376,-1,Knochenmetallkrise,,39738,84988,0,-1,1,0,0,0,0,0,0,0,0,0,31812,271,2060,0,2,101187840,0,0,0,0,0
60377,-1,Knochenmetallkrise,,39738,84987,0,-1,1,0,0,0,0,0,0,0,0,0,31812,271,2060,0,2,101187840,0,0,0,0,0
60378,-1,Trauerrankenspiel,,39737,84989,0,-1,1,0,0,0,0,0,0,0,0,0,31813,271,2060,0,2,101187840,0,0,0,0,0
60379,-1,Trauerrankenspiel,,39737,84988,0,-1,1,0,0,0,0,0,0,0,0,0,31813,271,2060,0,2,101187840,0,0,0,0,0
60380,-1,Trauerrankenspiel,,39737,84987,0,-1,1,0,0,0,0,0,0,0,0,0,31813,271,2060,0,2,101187840,0,0,0,0,0
60381,-1,Hilfe für den Ardenwald,,39739,84990,0,-1,0,0,0,0,0,0,0,0,0,0,31818,271,2060,0,2,101187840,0,0,62693,0,0
60382,-1,Hilfe für Revendreth,,39740,84990,0,-1,1,0,0,0,0,0,0,0,0,0,31817,271,2060,0,2,101187840,0,0,0,0,0
60383,-1,Hilfe für Maldraxxus,,39741,84990,0,-1,1,0,0,0,0,0,0,0,0,0,31816,271,2060,0,2,101187840,0,0,0,0,0
60384,-1,Hilfe für die Bastion,,39742,84990,0,-1,1,0,0,0,0,0,0,0,0,0,31815,271,2060,0,2,101187840,0,0,0,0,0
60385,-1,Ausbildung in Revendreth,,39743,84990,0,-1,1,0,0,0,0,0,0,0,0,0,31821,271,2060,0,2,104333568,0,0,0,0,0
60386,-1,Ausbildung in Maldraxxus,,39744,84990,0,-1,1,0,0,0,0,0,0,0,0,0,31820,271,2060,0,2,104333568,0,0,0,0,0
60387,-1,Ausbildung in der Bastion,,39745,84990,0,-1,1,0,0,0,0,0,0,0,0,0,31819,271,2060,0,2,104333568,0,0,0,0,0
60388,-1,Ausbildung für unsere Truppen,,39746,84990,0,-1,1,0,0,0,0,0,0,0,0,0,31822,271,2060,0,2,104333568,0,0,0,0,0
60389,-1,Hilfe für den Ardenwald,,39739,84989,0,-1,1,0,0,0,0,0,0,0,0,0,31818,271,2060,0,2,101187840,0,0,0,0,0
60390,-1,Hilfe für den Ardenwald,,39739,84988,0,-1,1,0,0,0,0,0,0,0,0,0,31818,271,2060,0,2,101187840,0,0,0,0,0
60391,-1,Hilfe für den Ardenwald,,39739,84987,0,-1,1,0,0,0,0,0,0,0,0,0,31818,271,2060,0,2,101187840,0,0,0,0,0
60392,-1,Hilfe für die Bastion,,39742,84987,0,-1,0,0,0,0,0,0,0,0,0,0,31815,271,2060,0,2,101187840,0,0,62692,0,0
60393,-1,Hilfe für die Bastion,,39742,84988,0,-1,1,0,0,0,0,0,0,0,0,0,31815,271,2060,0,2,101187840,0,0,0,0,0
60394,-1,Hilfe für die Bastion,,39742,84989,0,-1,1,0,0,0,0,0,0,0,0,0,31815,271,2060,0,2,101187840,0,0,0,0,0
60395,-1,Hilfe für Maldraxxus,,39741,84987,0,-1,1,0,0,0,0,0,0,0,0,0,31816,271,2060,0,2,101187840,0,0,0,0,0
60396,-1,Hilfe für Maldraxxus,,39741,84988,0,-1,0,0,0,0,0,0,0,0,0,0,31816,271,2060,0,2,101187840,0,0,62694,0,0
60397,-1,Hilfe für Maldraxxus,,39741,84989,0,-1,1,0,0,0,0,0,0,0,0,0,31816,271,2060,0,2,101187840,0,0,0,0,0
60398,-1,Hilfe für Revendreth,,39740,84988,0,-1,1,0,0,0,0,0,0,0,0,0,31817,271,2060,0,2,101187840,0,0,0,0,0
60399,-1,Hilfe für Revendreth,,39740,84989,0,-1,0,0,0,0,0,0,0,0,0,0,31817,271,2060,0,2,101187840,0,0,62691,0,0
60400,-1,Hilfe für Revendreth,,39740,84987,0,-1,1,0,0,0,0,0,0,0,0,0,31817,271,2060,0,2,101187840,0,0,0,0,0
60401,-1,Ausbildung im Ardenwald,,39746,84989,0,-1,1,0,0,0,0,0,0,0,0,0,31822,271,2060,0,2,104333568,0,0,0,0,0
60402,-1,Ausbildung im Ardenwald,,39746,84988,0,-1,1,0,0,0,0,0,0,0,0,0,31822,271,2060,0,2,104333568,0,0,0,0,0
60403,-1,Ausbildung im Ardenwald,,39746,84987,0,-1,1,0,0,0,0,0,0,0,0,0,31822,271,2060,0,2,104333568,0,0,0,0,0
60404,-1,Ausbildung für unsere Truppen,,39745,84987,0,-1,1,0,0,0,0,0,0,0,0,0,31819,271,2060,0,2,104333568,0,0,0,0,0
60405,-1,Ausbildung in der Bastion,,39745,84988,0,-1,1,0,0,0,0,0,0,0,0,0,31819,271,2060,0,2,104333568,0,0,0,0,0
60406,-1,Ausbildung in der Bastion,,39745,84989,0,-1,1,0,0,0,0,0,0,0,0,0,31819,271,2060,0,2,104333568,0,0,0,0,0
60407,-1,Ausbildung in Maldraxxus,,39744,84987,0,-1,1,0,0,0,0,0,0,0,0,0,31820,271,2060,0,2,104333568,0,0,0,0,0
60408,-1,Ausbildung für unsere Truppen,,39744,84988,0,-1,1,0,0,0,0,0,0,0,0,0,31820,271,2060,0,2,104333568,0,0,0,0,0
60409,-1,Ausbildung in Maldraxxus,,39744,84989,0,-1,1,0,0,0,0,0,0,0,0,0,31820,271,2060,0,2,104333568,0,0,0,0,0
60410,-1,Ausbildung für unsere Truppen,,39743,84989,0,-1,0,0,0,0,0,0,0,0,0,0,31821,271,2060,0,2,104333568,0,0,62921,0,0
60411,-1,Ausbildung in Revendreth,,39743,84988,0,-1,1,0,0,0,0,0,0,0,0,0,31821,271,2060,0,2,104333568,0,0,0,0,0
60412,-1,Ausbildung in Revendreth,,39743,84987,0,-1,1,0,0,0,0,0,0,0,0,0,31821,271,2060,0,2,104333568,0,0,0,0,0
60414,-1,Rare Ressourcen,,39748,84990,0,-1,1,0,0,0,0,0,0,0,0,0,31823,271,2060,0,2,101187840,0,0,0,0,0
60415,-1,Rare Ressourcen,,39748,84987,0,-1,1,0,0,0,0,0,0,0,0,0,31823,271,2060,0,2,101187840,0,0,0,0,0
60416,-1,Rare Ressourcen,,39748,84988,0,-1,1,0,0,0,0,0,0,0,0,0,31823,271,2060,0,2,101187840,0,0,0,0,0
60417,-1,Rare Ressourcen,,39748,84989,0,-1,1,0,0,0,0,0,0,0,0,0,31823,271,2060,0,2,101187840,0,0,0,0,0
60418,-1,Ein Ruf zur Bastion,,39749,84990,0,-1,1,0,0,0,0,0,0,0,0,0,31824,271,2060,0,2,101187840,0,0,0,0,0
60419,-1,Ärger an der Heimatfront,,39750,84990,0,-1,1,0,0,0,0,0,0,0,0,0,31825,271,2060,0,2,101187840,0,0,0,0,0
60420,-1,Ein Ruf nach Maldraxxus,,39751,84990,0,-1,1,0,0,0,0,0,0,0,0,0,31827,271,2060,0,2,101187840,0,0,0,0,0
60421,-1,Ein Ruf nach Revendreth,,39752,84990,0,-1,1,0,0,0,0,0,0,0,0,0,31826,271,2060,0,2,101187840,0,0,0,0,0
60422,-1,Ein Ruf zum Ardenwald,,39750,84989,0,-1,1,0,0,0,0,0,0,0,0,0,31825,271,2060,0,2,101187840,0,0,0,0,0
60423,-1,Ein Ruf zum Ardenwald,,39750,84988,0,-1,1,0,0,0,0,0,0,0,0,0,31825,271,2060,0,2,101187840,0,0,0,0,0
60424,-1,Ein Ruf zum Ardenwald,,39750,84987,0,-1,1,0,0,0,0,0,0,0,0,0,31825,271,2060,0,2,101187840,0,0,0,0,0
60425,-1,Ärger an der Heimatfront,,39749,84987,0,-1,1,0,0,0,0,0,0,0,0,0,31824,271,2060,0,2,101187840,0,0,0,0,0
60426,-1,Ein Ruf zur Bastion,,39749,84988,0,-1,1,0,0,0,0,0,0,0,0,0,31824,271,2060,0,2,101187840,0,0,0,0,0
60427,-1,Ein Ruf zur Bastion,,39749,84989,0,-1,1,0,0,0,0,0,0,0,0,0,31824,271,2060,0,2,101187840,0,0,0,0,0
60429,-1,Ärger an der Heimatfront,,39751,84988,0,-1,1,0,0,0,0,0,0,0,0,0,31827,271,2060,0,2,101187840,0,0,0,0,0
60430,-1,Ein Ruf nach Maldraxxus,,39751,84987,0,-1,1,0,0,0,0,0,0,0,0,0,31827,271,2060,0,2,101187840,0,0,0,0,0
60431,-1,Ein Ruf nach Maldraxxus,,39751,84989,0,-1,1,0,0,0,0,0,0,0,0,0,31827,271,2060,0,2,101187840,0,0,0,0,0
60432,-1,Ärger an der Heimatfront,,39752,84989,0,-1,1,0,0,0,0,0,0,0,0,0,31826,271,2060,0,2,101187840,0,0,0,0,0
60433,-1,Ein Ruf nach Revendreth,,39752,84988,0,-1,1,0,0,0,0,0,0,0,0,0,31826,271,2060,0,2,101187840,0,0,0,0,0
60434,-1,Ein Ruf nach Revendreth,,39752,84987,0,-1,1,0,0,0,0,0,0,0,0,0,31826,271,2060,0,2,101187840,0,0,0,0,0
60435,-1,Herausforderungen in Revendreth,,39754,84990,0,-1,1,0,0,0,0,0,0,0,0,0,31830,271,2060,0,2,101187840,0,0,0,0,0
60436,-1,Herausforderungen in Maldraxxus,,39755,84990,0,-1,1,0,0,0,0,0,0,0,0,0,31829,271,2060,0,2,101187840,0,0,0,0,0
60437,-1,Herausforderungen in der Bastion,,39756,84990,0,-1,1,0,0,0,0,0,0,0,0,0,31828,271,2060,0,2,101187840,0,0,0,0,0
60438,-1,Herausforderungen im Ardenwald,,39757,84990,0,-1,1,0,0,0,0,0,0,0,0,0,31831,271,2060,0,2,101187840,0,0,0,0,0
60439,-1,Herausforderungen im Ardenwald,,39757,84987,0,-1,1,0,0,0,0,0,0,0,0,0,31831,271,2060,0,2,101187840,0,0,0,0,0
60440,-1,Herausforderungen im Ardenwald,,39757,84988,0,-1,1,0,0,0,0,0,0,0,0,0,31831,271,2060,0,2,101187840,0,0,0,0,0
60441,-1,Herausforderungen im Ardenwald,,39757,84989,0,-1,1,0,0,0,0,0,0,0,0,0,31831,271,2060,0,2,101187840,0,0,0,0,0
60442,-1,Herausforderungen in der Bastion,,39756,84987,0,-1,1,0,0,0,0,0,0,0,0,0,31828,271,2060,0,2,101187840,0,0,0,0,0
60443,-1,Herausforderungen in der Bastion,,39756,84988,0,-1,1,0,0,0,0,0,0,0,0,0,31828,271,2060,0,2,101187840,0,0,0,0,0
60444,-1,Herausforderungen in der Bastion,,39756,84989,0,-1,1,0,0,0,0,0,0,0,0,0,31828,271,2060,0,2,101187840,0,0,0,0,0
60445,-1,Herausforderungen in Maldraxxus,,39755,84988,0,-1,1,0,0,0,0,0,0,0,0,0,31829,271,2060,0,2,101187840,0,0,0,0,0
60446,-1,Herausforderungen in Maldraxxus,,39755,84989,0,-1,1,0,0,0,0,0,0,0,0,0,31829,271,2060,0,2,101187840,0,0,0,0,0
60447,-1,Herausforderungen in Maldraxxus,,39755,84987,0,-1,1,0,0,0,0,0,0,0,0,0,31829,271,2060,0,2,101187840,0,0,0,0,0
60448,-1,Herausforderungen in Revendreth,,39754,84989,0,-1,1,0,0,0,0,0,0,0,0,0,31830,271,2060,0,2,101187840,0,0,0,0,0
60449,-1,Herausforderungen in Revendreth,,39754,84988,0,-1,1,0,0,0,0,0,0,0,0,0,31830,271,2060,0,2,101187840,0,0,0,0,0
60450,-1,Herausforderungen in Revendreth,,39754,84987,0,-1,1,0,0,0,0,0,0,0,0,0,31830,271,2060,0,2,101187840,0,0,0,0,0
60452,-1,Sturm auf den Schlund,,39759,84990,0,-1,1,0,0,0,0,0,0,0,0,0,31832,271,2060,0,2,101187840,0,0,0,0,0
60454,-1,Sturm auf den Schlund,,39759,84987,0,-1,1,0,0,0,0,0,0,0,0,0,31832,271,2060,0,2,101187840,0,0,0,0,0
60455,-1,Sturm auf den Schlund,,39759,84988,0,-1,1,0,0,0,0,0,0,0,0,0,31832,271,2060,0,2,101187840,0,0,0,0,0
60456,-1,Sturm auf den Schlund,,39759,84989,0,-1,1,0,0,0,0,0,0,0,0,0,31832,271,2060,0,2,101187840,0,0,0,0,0
60457,-1,Animabergung,,39761,84990,0,-1,1,0,0,0,0,0,0,0,0,0,31833,271,2060,0,2,101187840,0,0,0,0,0
60458,-1,Animabergung,,39761,84987,0,-1,1,0,0,0,0,0,0,0,0,0,31833,271,2060,0,2,101187840,0,0,0,0,0
60459,-1,Animabergung,,39761,84988,0,-1,1,0,0,0,0,0,0,0,0,0,31833,271,2060,0,2,101187840,0,0,0,0,0
60460,-1,Animabergung,,39761,84989,0,-1,1,0,0,0,0,0,0,0,0,0,31833,271,2060,0,2,101187840,0,0,0,0,0
60462,-1,Animaambulanz,,39763,84990,0,-1,1,0,0,0,0,0,0,0,0,0,31834,271,2060,0,2,101187840,0,0,0,0,0
60463,-1,Animaambulanz,,39763,84989,0,-1,1,0,0,0,0,0,0,0,0,0,31834,271,2060,0,2,101187840,0,0,0,0,0
60464,-1,Animaambulanz,,39763,84988,0,-1,1,0,0,0,0,0,0,0,0,0,31834,271,2060,0,2,101187840,0,0,0,0,0
60465,-1,Animaambulanz,,39763,84987,0,-1,1,0,0,0,0,0,0,0,0,0,31834,271,2060,0,2,101187840,0,0,0,0,0
60475,-1,Wir arbeiten daran,,39773,0,0,-1,0,0,0,0,0,0,0,0,0,0,31863,109,837,0,3,37290240,0,0,57559,62706,0
60476,-1,Bereit zur Sprigganisierung!,,39774,0,0,-1,0,0,0,0,0,0,0,0,0,0,31862,109,837,0,3,41484544,8192,0,57559,62706,0
60531,-1,Auserwählte Champions,,39828,73555,0,-1,0,0,0,0,0,0,0,0,0,0,31829,136,2060,0,3,36241664,0,512,0,0,0
60532,-1,Die Dominanz vernichten,,39829,90864,0,-1,0,0,0,0,0,0,0,0,0,0,31830,136,2060,0,3,36241664,0,512,0,0,0
60533,-1,Schrecken in Tirna Scithe,,39830,89414,0,-1,0,0,0,0,0,0,0,0,0,0,31831,136,2060,0,3,36241664,0,512,57559,62706,0
60534,-1,Treulose Einwohner,,39831,73555,0,-1,0,0,0,0,0,0,0,0,0,0,31828,136,2060,0,3,36241664,0,512,0,0,0
60542,-1,Nathanos Pestrufer,,39839,83729,0,-1,0,0,0,0,0,0,0,0,0,0,0,112,1401,0,3,34177344,0,0,0,0,0
60564,-1,"Drei Gorm gehen rein, keiner kommt raus",,39847,0,0,-1,0,0,0,0,0,0,0,0,0,0,31903,109,2060,0,3,37290240,0,0,57559,62706,0
60565,-1,Ein Provost für jede Gelegenheit,,39848,0,0,-1,0,0,0,0,0,0,0,0,0,0,31905,109,837,0,3,37290240,0,0,57559,62706,0
60574,-1,Pilze schütteln,,39856,0,0,-1,0,0,0,0,0,0,0,0,0,0,31910,109,2060,0,3,37290240,0,0,57559,62706,0
60585,-1,Aufruhr der Spriggans,,39865,86918,0,-1,0,0,0,0,0,0,0,0,0,0,31922,109,2060,0,3,41484544,8192,0,57559,62706,0
60597,-1,Ärger am Gormlingpferch,,39875,89214,0,-1,0,0,0,0,0,0,0,0,0,0,31930,109,837,0,3,37290240,0,0,57559,62706,0
60601,-1,Dunkelschwingendrills,,39879,79249,0,-1,0,0,0,0,0,0,0,0,0,0,31935,109,2060,0,3,107544832,8192,0,57559,62706,0
60602,-1,Geheimdienst,,39880,73555,0,-1,0,0,0,0,0,0,0,0,0,0,31936,109,2060,0,3,40435968,8192,0,0,0,0
60609,-1,Wer verschlingt die Verschlinger?,,39885,0,0,-1,0,0,0,0,0,0,0,0,0,0,31949,111,2060,0,3,37290240,0,0,57559,62706,0
60622,-1,Auge des Sehers,,39898,88667,0,-1,0,0,0,0,0,0,0,0,0,0,32571,0,742,0,2,35651720,32768,512,0,0,0
60623,-1,AAAH! Echte Monster!,,39899,0,0,-1,0,0,0,0,0,0,0,0,0,0,32537,109,2060,0,3,37290240,0,0,57559,62706,0
60646,-1,Das Geschäft mit dem Elend,,39922,88667,0,-1,0,0,0,0,0,0,0,0,0,0,32575,0,742,0,2,35783048,32768,512,0,0,0
60649,-1,Ein Dorn in ihrem Auge,,39925,88846,0,-1,0,0,0,0,0,0,0,0,0,0,31981,109,2060,0,3,37290240,0,0,57559,62706,0
60653,-1,Spiegelwiederherstellung,,39929,73555,0,-1,0,0,0,0,0,0,0,0,0,0,31992,109,837,0,3,40435968,8192,0,0,0,0
60654,-1,Seelenschwärme,,39930,73555,0,-1,0,0,0,0,0,0,0,0,0,0,31991,109,2060,0,3,40435968,8192,0,0,0,0
60655,-1,Ein gestohlenes Steinscheusal,,39931,73555,0,-1,0,0,0,0,0,0,0,0,0,180249,31990,109,2060,0,3,40435968,8192,0,0,0,0
60656,-1,Ruft Eure Sünden herbei,,39932,73555,0,-1,0,0,0,0,0,0,0,0,0,0,31989,109,2060,0,3,40435968,8192,0,0,0,0
60657,-1,Hilfe von oben,,39933,73555,0,-1,0,0,0,0,0,0,0,0,0,0,31988,109,837,0,3,40435968,8192,0,0,0,0
60658,-1,Endloser Appetit,,39934,89125,0,-1,0,0,0,0,0,0,0,0,0,0,31987,109,837,0,3,40435968,8192,0,0,0,0
60659,-1,Lichtverteidigung,,39935,73555,0,-1,0,0,0,0,0,0,0,0,0,0,31986,109,837,0,3,40435968,8192,0,0,0,0
60732,-1,Nachschub unterbrechen,,40004,88666,0,-1,0,0,0,0,0,0,0,0,0,0,34303,0,742,0,2,35651720,32768,512,0,0,0
60739,-1,Schwieriges Publikum,,40010,82056,0,-1,0,0,0,0,0,0,0,0,0,0,32055,109,2060,0,3,37290240,0,0,57559,62706,0
60762,-1,Todespartikel,,40018,88667,0,-1,0,0,0,0,0,0,0,0,0,0,32578,0,742,0,2,2097544,32768,512,0,0,0
60770,-1,Zerquetscht und abgefackelt,,40026,88170,0,-1,0,0,0,0,0,0,0,0,0,180274,32090,109,837,0,3,305725696,0,0,57559,62706,0
60775,-1,Ein angemessener Tod,,40031,88667,0,-1,0,0,0,0,0,0,0,0,0,0,32580,0,742,0,2,35783048,32768,512,0,0,0
60786,-1,Schwarmverteidigung,,40040,0,0,-1,0,0,0,0,0,0,0,0,0,0,32134,109,2060,0,3,37290240,0,0,57559,62706,0
60837,-1,Zorn von Aliothe,,40092,82170,0,-1,0,0,0,0,0,0,0,0,0,0,32143,109,2060,0,3,41484544,8192,0,57559,62706,0
60840,-1,Offensive der Wilden Jagd,,40095,81411,0,-1,0,0,0,0,0,0,0,0,0,0,0,0,1931,0,3,271122432,0,33280,0,0,0
60841,-1,Evakuierungseinsatz,,40096,83703,0,-1,0,0,0,0,0,0,0,0,0,0,33201,0,1401,0,2,33554440,32768,512,0,0,0
60842,-1,"Lecker, Spriggans!",,40097,0,0,-1,0,0,0,0,0,0,0,0,0,0,32145,109,2060,0,3,37421312,0,0,57559,62706,0
60844,-1,Flugschule: Fallen mit Stil,,40099,87575,0,-1,0,0,0,0,0,0,0,0,0,0,32154,109,2060,0,3,40435968,0,0,0,0,0
60855,-1,Gormageddon,,40110,88170,0,-1,0,0,0,0,0,0,0,0,0,0,32155,109,837,0,3,41484544,8192,0,57559,62706,0
60858,-1,Flugschule: Auf und davon!,,40113,88579,0,-1,0,0,0,0,0,0,0,0,0,0,32182,109,2060,0,3,40435968,0,0,0,0,0
60872,-1,Eine gefährliche Ernte,,40121,88941,0,-1,0,0,0,0,0,0,0,0,0,0,32183,109,837,0,3,41484544,8192,0,57559,62706,0
60899,-1,Eine Nacht in den Wäldern,,40146,0,0,-1,0,0,0,0,0,0,0,0,0,0,32241,109,2060,0,3,37290240,0,0,57559,62706,0
60903,-1,Krala,,40150,76424,0,-1,0,0,0,0,0,0,0,0,0,0,33680,0,742,0,3,36241792,0,0,0,0,0
60911,-1,Flugschule: Frenetisches Flattern,,40157,73555,0,-1,0,0,0,0,0,0,0,0,0,0,32259,109,2060,0,3,36241664,0,0,0,0,0
60916,-1,Rückmeldung: Steinkopf,,0,90002,0,-1,0,0,0,0,0,0,0,0,0,0,0,0,2060,0,2,40894472,40960,512,0,0,0
60920,-1,Akros,,40166,76424,0,-1,0,0,0,0,0,0,0,0,0,0,33679,0,742,0,3,36241792,0,0,0,0,0
60929,-1,Luftüberlegenheit,,40176,73555,0,-1,0,0,0,0,0,0,0,0,0,0,32266,109,837,0,3,40435968,8192,0,0,0,0
60948,-1,Rückmeldung: Die Gräfin,,0,81753,0,-1,0,0,0,0,0,0,0,0,0,0,0,0,2060,0,2,37879816,40960,512,0,0,0
60950,-1,Eine Frage der Tarnung,,40195,87202,0,-1,0,0,0,0,0,0,0,0,0,0,32291,109,837,0,3,40435968,8192,0,0,0,0
60958,-1,Nur Ihr allein,,40201,87133,0,-1,0,0,0,0,0,0,0,0,0,0,32294,109,837,0,3,36241664,0,0,0,0,0
60990,-1,Tracking Quest,,40222,73557,0,-1,0,0,0,0,0,0,0,0,0,0,32639,0,0,0,3,34144512,0,0,0,0,0
60991,-1,"Orrholyn, Herr des Aderlasses",,40349,73557,0,-1,0,0,0,0,0,0,0,0,0,0,32635,0,742,0,3,36241792,0,4096,0,0,0
60992,-1,"Razkazzar, Herr der Äxte",,40224,73557,0,-1,0,0,0,0,0,0,0,0,0,0,32644,0,742,0,3,36241792,0,4096,0,0,0
61059,-1,Rückmeldung: Rendel und Knüppelfratze,,0,81980,0,-1,0,0,0,0,0,0,0,0,0,0,0,0,2060,0,2,8,32769,512,0,0,0
61060,-1,Sporen um die Ohren,,42457,74689,0,-1,0,0,0,0,0,0,0,0,0,0,32398,109,837,0,3,40435968,8192,0,0,0,0
61062,-1,Adjutant Dekaris,,40292,73557,0,-1,0,0,0,0,0,0,0,0,0,0,0,0,742,0,3,38342976,0,4096,0,0,0
61075,-1,Ein Funken Licht,,40307,88667,0,-1,0,0,0,0,0,0,0,0,0,180607,32573,0,742,0,2,35651976,32768,512,0,0,0
61079,-1,Anteil des Kerkermeisters,,40311,88667,0,-1,0,0,0,0,0,0,0,0,0,0,34301,0,742,0,2,35651976,32768,512,0,0,0
61088,-1,Staub zu Staub,,42455,88667,0,-1,0,0,0,0,0,0,0,0,0,0,32570,0,742,0,2,35651720,32768,512,0,0,0
61092,-1,Rückmeldung: Großmeister Vole,,0,82033,0,-1,0,0,0,0,0,0,0,0,0,0,0,0,2060,0,2,33554504,32768,512,0,0,0
61103,-1,Den Kreislauf unterbrechen,,40329,88667,0,-1,0,0,0,0,0,0,0,0,0,0,32577,0,742,0,2,33554824,32768,512,0,0,0
61104,-1,"Grathalax, der Extraktor",,40330,88667,0,-1,0,0,0,0,0,0,0,0,0,0,32576,0,742,0,2,35651976,32768,512,0,0,0
61105,-1,Rückmeldung: Seuchenerfinder Marileth,,0,82089,0,-1,0,0,0,0,0,0,0,0,0,0,0,0,2060,0,2,37748744,40960,512,0,0,0
61109,-1,Rückmeldung: Jagdhauptmann Korayn,,0,82072,0,-1,0,0,0,0,0,0,0,0,0,0,0,0,2060,0,2,37748744,40960,512,0,0,0
61123,-1,Rückmeldung: Polemarch Adrestes,,0,82074,0,-1,0,0,0,0,0,0,0,0,0,0,0,0,2060,0,2,37748744,40960,512,0,0,0
61124,-1,Labyrinthmischling,,40348,73557,0,-1,0,0,0,0,0,0,0,0,0,0,32638,0,742,0,3,36241792,0,4096,0,0,0
61125,-1,Boshafte Stygia,,40350,73557,0,-1,0,0,0,0,0,0,0,0,0,0,32636,0,742,0,3,36241792,0,4096,0,0,0
61129,-1,Rückmeldung: Dromanin Aliothe,,0,82182,0,-1,0,0,0,0,0,0,0,0,0,0,0,0,2060,0,2,8,32769,512,0,0,0
61130,-1,Rückmeldung: Sika,,0,82184,0,-1,0,0,0,0,0,0,0,0,0,0,0,0,2060,0,2,37748744,32768,512,0,0,0
61136,-1,Agonix,,40359,73557,0,-1,0,0,0,0,0,0,0,0,0,0,32637,0,742,0,3,36241792,0,4096,0,0,0
61139,-1,Rückmeldung: Choofa,,0,82195,0,-1,0,0,0,0,0,0,0,0,0,0,0,0,2060,0,2,37748744,40960,512,0,0,0
61140,-1,Dath Rezara,,40361,73557,0,-1,0,0,0,0,0,0,0,0,0,0,33928,0,742,0,3,36241792,0,4096,0,0,0
61141,-1,Todesreißers Lieblingsspielzeug,,40362,74689,0,-1,0,0,0,0,0,0,0,0,0,0,32523,109,837,0,3,41615616,8192,0,0,0,0
61148,-1,AAAH! Echte Monster!,,40368,0,0,-1,0,0,0,0,0,0,0,0,0,0,32538,109,2060,0,3,37290240,0,0,57559,62706,0
61173,-1,Rückmeldung: Mikanikos,,0,82193,0,-1,0,0,0,0,0,0,0,0,0,0,0,0,2060,0,2,37748744,40960,512,0,0,0
61174,-1,Rückmeldung: Baronin Vashj,,0,82474,0,-1,0,0,0,0,0,0,0,0,0,0,0,0,2060,0,2,35651592,40960,512,0,0,0
61189,-1,Weiterführende gallertartige Forschung,,40404,74689,0,-1,0,0,0,0,0,0,0,0,0,0,32589,109,837,0,3,36372736,8192,0,0,0,0
61220,-1,AAAH! Echte Monster!,,40433,0,0,-1,0,0,0,0,0,0,0,0,0,0,32626,109,2060,0,3,37290240,0,0,57559,62706,0
61255,-1,Rückmeldung: Alexandros Mograine,,0,82699,0,-1,0,0,0,0,0,0,0,0,0,0,0,0,2060,0,2,33554440,32768,512,0,0,0
61256,-1,Rückmeldung: Kleia und Pelagos,,0,82701,0,-1,0,0,0,0,0,0,0,0,0,0,0,0,2060,0,2,33554440,32768,512,0,0,0
61303,-1,Es regnet Funken,,40507,87009,0,-1,0,0,0,0,0,0,0,0,0,0,32651,109,837,0,3,37290240,0,0,57559,62706,0
61335,-1,Käfigsturm,,40534,70104,0,-1,0,0,0,0,0,0,0,0,0,0,0,0,837,0,2,4194312,8192,512,61227,0,0
61337,-1,Marsch des Ewigen Beschützers,,40536,0,0,-1,0,0,0,0,0,0,0,0,0,0,32713,109,2060,0,3,37290240,0,0,57559,62706,0
61342,-1,Längst errungene Siege,,42432,74689,0,-1,0,0,0,0,0,0,0,0,0,0,32716,109,837,0,3,40435968,8192,0,0,0,0
61343,-1,Längst errungene Siege,,39272,92609,0,-1,0,0,0,0,0,0,0,0,0,0,32717,109,837,0,3,40435968,8192,0,0,0,0
61346,-1,Cyrixia die Willensbrecherin,,40539,73557,0,-1,0,0,0,0,0,0,0,0,0,0,32718,0,742,0,3,36241856,0,4096,0,0,0
61352,-1,Alle werden verschlungen,,42456,74689,0,-1,0,0,0,0,0,0,0,0,0,0,32731,109,837,0,3,40435968,8192,0,0,0,0
61353,-1,Alle werden verschlungen,,40542,74689,0,-1,0,0,0,0,0,0,0,0,0,0,32732,109,837,0,3,40435968,8192,0,0,0,0
61354,-1,Rückmeldung: Lady Mondbeere,,0,82703,0,-1,0,0,0,0,0,0,0,0,0,0,0,0,2060,0,2,37748744,40960,512,0,0,0
61394,-1,Gormlingwerfen: Ruhige Teiche,,40581,79261,0,-1,0,0,0,0,0,0,0,0,0,0,32744,109,2060,0,3,104530176,0,0,57559,62706,0
61398,-1,Gluthof: Traditionell,,41047,83198,0,-1,0,0,0,0,0,0,0,0,0,0,0,0,2060,0,2,8,1,520,0,0,0
61399,-1,Gluthof: Erinnerungen an die Sterblichkeit,,41046,83200,0,-1,0,0,0,0,0,0,0,0,0,181367,0,0,2060,0,2,8,0,520,0,0,0
61400,-1,Gluthof: Mysteriöse Spiegel,,41045,83211,0,-1,0,0,0,0,0,0,0,0,0,0,0,0,2060,0,2,33554440,0,520,0,0,0
61401,-1,Gluthof: Freiwillige Venthyr,,41044,83212,0,-1,0,0,0,0,0,0,0,0,0,181716,0,0,2060,0,2,37748744,8192,520,0,0,0
61402,-1,Gluthof: Steingeborene Reservisten,,41043,83213,0,-1,0,0,0,0,0,0,0,0,0,0,0,1,2060,0,2,40894472,8192,520,0,0,0
61403,-1,Gluthof: Armee von Maldraxxus,,41042,83214,0,-1,0,0,0,0,0,0,0,0,0,0,0,0,2060,0,2,37748736,8192,520,0,0,0
61404,-1,Gluthof: Tubbins' Teekränzchen,,41027,83215,0,-1,0,0,0,0,0,0,0,0,0,183943,0,1,2060,0,2,39976968,8192,520,61705,0,0
61405,-1,Gluthof: Deliziöse Desserts,,41041,83216,0,-1,0,0,0,0,0,0,0,0,0,0,0,0,2060,0,2,8,1,520,0,0,0
61406,-1,Gluthof: Pilz Surprise,,41040,83217,0,-1,0,0,0,0,0,0,0,0,0,181828,0,0,2060,0,2,33554440,0,520,0,0,0
61407,-1,Gluthof: Rituale der Buße,,41037,83218,0,-1,0,0,0,0,0,0,0,0,0,0,0,0,2060,0,2,8,0,520,61706,0,0
61408,-1,Gluthof: Blick in die Wildnis,,41039,83219,0,-1,0,0,0,0,0,0,0,0,0,183944,0,0,2060,0,2,33554440,0,520,0,0,0
61411,-1,"Irgendwie, irgendwo, irgendwann",,40586,0,0,-1,0,0,0,0,0,0,0,0,0,0,32751,109,837,0,3,41615616,0,0,57559,62706,0
61434,-1,Alchemie: Fläschchen der bemessenen Disziplin,,40601,0,0,-1,0,0,0,0,0,2750,25,0,0,0,34415,118,837,0,3,34144576,0,2,57559,62706,0
61435,-1,Schmiedekunst: Pirscherpfeilspitzen,,40602,0,0,-1,0,0,0,0,0,2751,25,0,0,0,34400,116,837,0,3,34144576,0,2,57559,62706,0
61439,-1,Kochkunst: Provosteneintopf,,40606,0,0,-1,0,0,0,0,0,2752,25,0,0,0,34417,131,837,0,3,34144576,0,2,57559,62706,0
61440,-1,Verzauberkunst: Korb der Fülle,,40607,0,0,-1,0,0,0,0,0,2753,25,0,0,0,34402,123,837,0,3,34144576,0,2,57559,62706,0
61441,-1,Ingenieurskunst: Servohammer,,40608,0,0,-1,0,0,0,0,0,2755,25,0,0,0,34419,122,837,0,3,34144576,0,2,57559,62706,0
61442,-1,Angeln: Prächtige Schimmerflosse,,40609,0,0,-1,0,0,0,0,0,2754,25,0,0,0,34420,130,837,0,3,34144576,0,2,57559,62706,0
61443,-1,Kräuterkunde: Windgepeitschter Ruhmesstieg,,40610,0,0,-1,0,0,0,0,0,2760,25,0,0,0,34421,119,837,0,3,34144576,0,2,57559,62706,0
61446,-1,Inschriftenkunde: Anrufung der Pflicht,,40612,0,0,-1,0,0,0,0,0,2756,25,0,0,0,34422,126,837,0,3,34144576,0,2,57559,62706,0
61447,-1,Juwelierskunst: Schimmernde Kyranithalskette,,40613,0,0,-1,0,0,0,0,0,2757,25,0,0,0,34423,125,837,0,3,34144576,0,2,57559,62706,0
61449,-1,Lederverarbeitung: Stahlhautlederharnisch,,40614,0,0,-1,0,0,0,0,0,2758,25,0,0,0,34424,117,837,0,3,34144576,0,2,57559,62706,0
61467,-1,Bergbau: Strahlendes Soleniumerz,,40631,0,0,-1,0,0,0,0,0,2761,25,0,0,0,34412,120,837,0,3,34144576,0,2,57559,62706,0
61468,-1,Kürschnerei: Luxuriöses Kupferpelzfell,,40632,0,0,-1,0,0,0,0,0,2762,25,0,0,0,34413,124,837,0,3,34144576,0,2,57559,62706,0
61469,-1,Schneiderei: Gespinstgewebetunika,,40633,0,0,-1,0,0,0,0,0,2759,25,0,0,0,34414,121,837,0,3,34144576,0,2,57559,62706,0
61477,-1,Die Champions rufen,,40638,74689,0,-1,0,0,0,0,0,0,0,0,0,0,33080,109,837,0,3,40435968,8192,0,0,0,0
61509,-1,Glitzerzeug der Bastion,,40665,87382,0,-1,131077,0,0,0,0,0,0,0,0,178554,0,0,2060,0,2,39878664,8192,512,60041,61516,61512
61510,-1,Üppige Beute,,40666,87381,0,-1,131077,0,0,0,0,0,0,0,0,178554,0,0,2060,0,2,39878664,8192,512,60041,61516,61512
61511,-1,Zurückgelassene Dinge,,40667,87383,0,-1,131077,0,0,0,0,0,0,0,0,178554,0,0,2060,0,2,39878664,8192,512,60041,61516,61512
61512,-1,Tracking Quest,,40668,0,0,-1,0,0,0,0,0,0,0,0,0,0,0,0,2060,0,2,33555456,0,520,0,0,0
61516,-1,Tracking Quest,,40670,0,0,-1,0,0,0,0,0,0,0,0,0,0,0,0,2060,0,2,33588224,0,520,0,0,0
61517,-1,zz,,40671,73557,0,-1,0,0,0,0,0,0,0,0,0,0,0,109,742,0,3,34148608,0,4096,0,0,0
61520,-1,Der Feind meines Mnemis,,40675,88576,0,-1,0,0,0,0,0,0,0,0,0,0,33159,109,2060,0,3,37290240,0,0,57559,62706,0
61521,-1,Tracking Quest,,40676,0,0,-1,0,0,0,0,0,0,0,0,0,0,0,0,2060,0,2,33588224,0,512,0,0,0
61522,-1,Leichenrückkehr,,40677,88019,0,-1,0,0,0,0,0,0,0,0,0,178599,0,0,2060,0,2,39878664,8192,512,57597,0,0
61523,-1,Leichenrückkehr,,40678,88020,0,-1,0,0,0,0,0,0,0,0,0,178599,0,0,2060,0,2,39878664,8192,512,57597,0,0
61530,-1,Bergbau: Harzige Phaedrumformation,,40685,0,0,-1,0,0,0,0,0,2761,25,0,0,0,34409,120,837,0,3,34144576,0,2,57559,62706,0
61537,-1,Bergbau: Monolithisches Oxxeinerz,,40692,0,0,-1,0,0,0,0,0,2761,25,0,0,0,34429,120,837,0,3,34144576,0,2,57559,62706,0
61538,-1,Bergbau: Gefährliche Sinvyrformation,,40693,0,0,-1,0,0,0,0,0,2761,25,0,0,0,34444,120,837,0,3,34144576,0,2,57559,62706,0
61539,-1,Trau keinem Lich,,40694,92691,0,-1,0,0,0,0,0,0,0,0,0,0,33169,109,2060,0,3,40435968,8192,0,0,0,0
61540,-1,Beflügelt,,40695,74689,0,-1,0,0,0,0,0,0,0,0,0,0,33172,109,837,0,3,40435968,8192,0,0,0,0
61543,-1,Kräuterkunde: Flackernde Wachtfackel,,40698,0,0,-1,0,0,0,0,0,2760,25,0,0,0,34405,119,837,0,3,34144576,0,2,57559,62706,0
61544,-1,Kräuterkunde: Üppige Witwenblüte,,40699,0,0,-1,0,0,0,0,0,2760,25,0,0,0,34441,119,837,0,3,34144576,0,2,57559,62706,0
61545,-1,Kräuterkunde: Vollgestopfte Markwurzel,,40700,0,0,-1,0,0,0,0,0,2760,25,0,0,0,34425,119,837,0,3,34144576,0,2,57559,62706,0
61549,-1,Dürrezustand,,40704,0,0,-1,0,0,0,0,0,0,0,0,0,0,33179,109,837,0,3,37290240,0,0,57559,62706,0
61555,-1,Hochinquisitor Vetar,,42813,78576,0,-1,0,0,0,0,0,0,0,0,0,0,32041,272,2060,0,3,36245504,524288,12288,0,0,0
61556,-1,Ungeladene Gäste,,42808,78576,0,-1,0,0,0,0,0,0,0,0,0,0,32041,272,2060,0,3,36245504,524288,12288,0,0,0
61564,-1,Schmiedekunst: Polierter kyrianischer Schild,,40719,0,0,-1,0,0,0,0,0,2751,25,0,0,0,34416,116,837,0,3,34144576,0,2,57559,62706,0
61565,-1,Tracking Quest,,40720,73557,0,-1,0,0,0,0,0,0,0,0,0,0,33199,0,0,0,3,36241664,0,0,0,0,0
61593,-1,Erinnerungskrise,,40747,88580,0,-1,0,0,0,0,0,0,0,0,0,0,33224,109,2060,0,3,37290240,0,0,57559,62706,0
61595,-1,Alchemie: Trank der Winterruhe,,40749,0,0,-1,0,0,0,0,0,2750,25,0,0,0,34399,118,837,0,3,34144576,0,2,57559,62706,0
61596,-1,Kochkunst: Ardenapfelkuchen,,40750,0,0,-1,0,0,0,0,0,2752,25,0,0,0,34401,131,837,0,3,34144576,0,2,57559,62706,0
61597,-1,Ingenieurskunst: Insektenschocker,,40751,0,0,-1,0,0,0,0,0,2755,25,0,0,0,34403,122,837,0,3,34144576,0,2,57559,62706,0
61598,-1,Angeln: Gesprenkelter Flammenschwanz,,40752,0,0,-1,0,0,0,0,0,2754,25,0,0,0,34404,130,837,0,3,34144576,0,2,57559,62706,0
61599,-1,Inschriftenkunde: Hymnarium der Erholung,,40753,0,0,-1,0,0,0,0,0,2756,25,0,0,0,34406,126,837,0,3,34144576,0,2,57559,62706,0
61601,-1,Juwelierskunst: Edelsteinbesetzter Armreif,,40755,0,0,-1,0,0,0,0,0,2757,25,0,0,0,34407,125,837,0,3,34144576,0,2,57559,62706,0
61602,-1,Lederverarbeitung: Lederköcher des Pirschers,,40756,0,0,-1,0,0,0,0,0,2758,25,0,0,0,34408,117,837,0,3,34144576,0,2,57559,62706,0
61603,-1,Kürschnerei: Dicker Gormbalg,,40757,0,0,-1,0,0,0,0,0,2762,25,0,0,0,34410,124,837,0,3,34144576,0,2,57559,62706,0
61604,-1,Schneidern: Camouflageumhang,,40758,0,0,-1,0,0,0,0,0,2759,25,0,0,0,34411,121,837,0,3,34144576,0,2,57559,62706,0
61605,-1,Alchemie: Destillat der grotesken Stärke,,40759,0,0,-1,0,0,0,0,0,2750,25,0,0,0,34432,118,837,0,3,34144576,0,2,57559,62706,0
61606,-1,Schmiedekunst: Seelenmesser,,40760,0,0,-1,0,0,0,0,0,2751,25,0,0,0,34433,116,837,0,3,34144576,0,2,57559,62706,0
61607,-1,Kochkunst: Spinnendörrfleisch,,40761,0,0,-1,0,0,0,0,0,2752,25,0,0,0,34434,131,837,0,3,34144576,0,2,57559,62706,0
61608,-1,Verzauberkunst: Unzerbrechlicher Kristall,,40762,0,0,-1,0,0,0,0,0,2753,25,0,0,0,34435,123,837,0,3,34144576,0,2,57559,62706,0
61609,-1,Ingenieurskunst: Knochenbewehrter Pfahlwerfer,,40763,0,0,-1,0,0,0,0,0,2755,25,0,0,0,34436,122,837,0,3,34144576,0,2,57559,62706,0
61610,-1,Angeln: Knochiger Schlammhüpfer,,40764,0,0,-1,0,0,0,0,0,2754,25,0,0,0,34437,130,837,0,3,34144576,0,2,57559,62706,0
61611,-1,Inschriftenkunde: Litanei der Macht,,40765,0,0,-1,0,0,0,0,0,2756,25,0,0,0,34426,126,837,0,3,34144576,0,2,57559,62706,0
61612,-1,Juwelierskunst: Verzierter Kristallring,,40766,0,0,-1,0,0,0,0,0,2757,25,0,0,0,34427,125,837,0,3,34144576,0,2,57559,62706,0
61613,-1,Lederverarbeitung: Knochenbeschlagene Faust,,40767,0,0,-1,0,0,0,0,0,2758,25,0,0,0,34428,117,837,0,3,34144576,0,2,57559,62706,0
61614,-1,Kürschnerei: Unverwüstlicher Panzer,,40768,0,0,-1,0,0,0,0,0,2762,25,0,0,0,34430,124,837,0,3,34144576,0,2,57559,62706,0
61615,-1,Schneiderei: Heimsuchende Kapuze,,40769,0,0,-1,0,0,0,0,0,2759,25,0,0,0,34431,121,837,0,3,34144576,0,2,57559,62706,0
61619,-1,Alchemie: Elixier der Demut,,40772,0,0,-1,0,0,0,0,0,2750,25,0,0,0,34447,118,837,0,3,34144576,0,2,57559,62706,0
61620,-1,Schmiedekunst: Stolzerfüllte Handschellen,,40773,0,0,-1,0,0,0,0,0,2751,25,0,0,0,34448,116,837,0,3,34144576,0,2,57559,62706,0
61621,-1,Kochkunst: Fleisch am Spieß,,40774,0,0,-1,0,0,0,0,0,2752,25,0,0,0,34449,131,837,0,3,34144576,0,2,57559,62706,0
61622,-1,Ingenieurskunst: Duellantenpistole,,40775,0,0,-1,0,0,0,0,0,2755,25,0,0,0,34450,122,837,0,3,34144576,0,2,57559,62706,0
61623,-1,Angeln: Blutkehlenbarsch,,40776,0,0,-1,0,0,0,0,0,2754,25,0,0,0,34440,130,837,0,3,34144576,0,2,57559,62706,0
61624,-1,Inschriftenkunde: Sündenkatalog,,40777,0,0,-1,0,0,0,0,0,2756,25,0,0,0,34442,126,837,0,3,34144576,0,2,57559,62706,0
61625,-1,Juwelierskunst: Finsterer Halsreif,,40778,0,0,-1,0,0,0,0,0,2757,25,0,0,0,34443,125,837,0,3,34144576,0,2,57559,62706,0
61626,-1,Lederverarbeitung: Höfische Lederstiefel,,40779,0,0,-1,0,0,0,0,0,2758,25,0,0,0,34439,117,837,0,3,34144576,0,2,57559,62706,0
61627,-1,Kürschnerei: Grausiger Balg,,40780,0,0,-1,0,0,0,0,0,2762,25,0,0,0,34445,124,837,0,3,34144576,0,2,57559,62706,0
61628,-1,Schneiderei: Dräuender Wandteppich,,40781,0,0,-1,0,0,0,0,0,2759,25,0,0,0,34446,121,837,0,3,34144576,0,2,57559,62706,0
61629,-1,Verzauberkunst: Zielsicherheit,,40782,0,0,-1,0,0,0,0,0,2753,25,0,0,0,34418,123,837,0,3,34144576,0,2,57559,62706,0
61630,-1,Verzauberkunst: Ewigflammenfackel,,40783,0,0,-1,0,0,0,0,0,2753,25,0,0,0,34438,123,837,0,3,34144576,0,2,57559,62706,0
61631,-1,Drust unter uns,,40784,87323,0,-1,0,0,0,0,0,0,0,0,0,0,34022,109,2060,0,3,36241664,0,0,57559,62706,0
61667,-1,Heimlich geschmiedet,,40820,88288,0,-1,0,0,0,0,0,0,0,0,0,0,33288,109,837,0,3,40435968,8192,0,0,0,0
61689,-1,Erinnerungskrise,,40842,88580,0,-1,0,0,0,0,0,0,0,0,0,0,33389,109,2060,0,3,37290240,0,0,57559,62706,0
61699,-1,Viel Schleim um Nichts,,40852,79255,0,-1,0,0,0,0,0,0,0,0,0,0,33397,109,837,0,3,107544832,8192,0,57559,62706,0
61708,-1,Giftentzug,,40861,88843,0,-1,0,0,0,0,0,0,0,0,0,0,34161,109,837,0,3,8061184,8192,0,0,0,0
61717,-1,Gormlingfänger: Ruhige Teiche,,40870,79261,0,-1,0,0,0,0,0,0,0,0,0,0,33410,109,2060,0,3,108724480,0,0,57559,62706,0
61728,-1,Valis der Grausame,,40880,73557,0,-1,0,0,0,0,0,0,0,0,0,0,33423,0,742,0,3,36241792,0,4096,0,0,0
61738,-1,Gluthof: Der Verschüttete Kelch,,41023,84511,0,-1,0,0,0,0,0,0,0,0,0,0,0,0,2060,0,2,39976960,0,520,0,0,0
61765,-1,Schutze sehen und entfernen,,40914,88668,0,-1,0,0,0,0,0,0,0,0,0,0,33471,1,742,0,2,35783048,32768,512,0,0,0
61783,-1,Kieferknacker,,40932,73555,0,-1,0,0,0,0,0,0,0,0,0,0,33473,115,837,0,3,3735808,0,0,0,0,0
61784,-1,Klippen der Bastion,,40933,73555,0,-1,0,0,0,0,0,0,0,0,0,0,33474,115,837,0,3,3735808,0,0,0,0,0
61787,-1,Mikroverteidiger,,40936,73555,0,-1,0,0,0,0,0,0,0,0,0,0,33476,115,837,0,3,3735808,0,0,0,0,0
61791,-1,Thenias treue Gefährten,,40940,73555,0,-1,0,0,0,0,0,0,0,0,0,0,33477,115,837,0,3,3735808,0,0,0,0,0
61813,-1,"Valinor, das Licht der Äonen",,40962,98713,0,-1,0,0,0,0,0,0,0,0,0,0,33483,112,2060,0,3,37290304,0,0,57559,62706,0
61814,-1,Nurgash Schlammborn,,40963,98713,0,-1,1,0,0,0,0,0,0,0,0,0,33484,112,2060,0,3,37290304,0,0,57559,62706,0
61815,-1,Oranomonos die Immersprießende,,40964,98713,0,-1,0,0,0,0,0,0,0,0,0,0,33485,112,2060,0,3,37290304,0,0,57559,62706,0
61816,-1,Mortanis,,40965,98713,0,-1,0,0,0,0,0,0,0,0,0,0,33486,112,2060,0,3,37290304,0,0,57559,62706,0
61841,-1,Viel Schleim um Nichts,,42458,79255,0,-1,0,0,0,0,0,0,0,0,0,0,33492,109,837,0,3,107544832,8192,0,57559,62706,0
61866,-1,Mächtige Diener von Maldraxxus,,41014,73555,0,-1,0,0,0,0,0,0,0,0,0,0,33502,115,837,0,3,3735808,0,0,0,0,0
61867,-1,Mehr Teile,,41015,73555,0,-1,0,0,0,0,0,0,0,0,0,0,33503,115,837,0,3,3735808,0,0,0,0,0
61868,-1,Unbequem Undercover,,41016,73555,0,-1,0,0,0,0,0,0,0,0,0,0,33504,115,837,0,3,3735808,0,0,0,0,0
61870,-1,Fehlgeschlagenes Experiment,,41018,73555,0,-1,0,0,0,0,0,0,0,0,0,0,33505,115,837,0,3,3735808,0,0,0,0,0
61879,-1,Asche wird fallen,,41028,73555,0,-1,0,0,0,0,0,0,0,0,0,0,33516,115,837,0,3,3735808,0,0,0,0,0
61880,-1,Noble Gäste,,41029,84863,0,-1,0,0,0,0,0,0,0,0,0,0,0,0,2060,0,2,306315264,8192,520,61704,0,0
61882,-1,Förmliche Unterhaltung,,41031,84872,0,-1,0,0,0,0,0,0,0,0,0,0,0,0,2060,0,2,306315264,8192,520,61706,0,0
61883,-1,Widerstandsfähige Überlebende,,41032,73555,0,-1,0,0,0,0,0,0,0,0,0,0,33519,115,837,0,3,3735808,0,0,0,0,0
61884,-1,Förmliche Erfrischungen,,41048,84877,0,-1,0,0,0,0,0,0,0,0,0,0,0,0,2060,0,2,306315264,8192,520,61705,0,0
61885,-1,Iiihgors besondere Freunde,,41049,73555,0,-1,0,0,0,0,0,0,0,0,0,0,33520,115,837,0,3,3735808,0,0,0,0,0
61886,-1,Addius' Gedankenspielchen,,41050,73555,0,-1,0,0,0,0,0,0,0,0,0,0,33521,115,2060,0,3,3735808,0,0,0,0,0
61946,-1,Geborene Verteidiger,,41108,73555,0,-1,0,0,0,0,0,0,0,0,0,0,33530,115,837,0,3,3735808,0,0,0,0,0
61947,-1,In den Schatten lauernd,,41109,73555,0,-1,0,0,0,0,0,0,0,0,0,0,33531,115,837,0,3,3735808,0,0,0,0,0
61948,-1,Luftabwehr,,41110,73555,0,-1,0,0,0,0,0,0,0,0,0,0,33532,115,837,0,3,3735808,0,0,0,0,0
61949,-1,Die Trickser vom Ardenwald,,41111,73555,0,-1,0,0,0,0,0,0,0,0,0,0,33533,115,837,0,3,3735808,0,0,0,0,0
61964,-1,Aubries wöchentliche Quest: Turm des Kerkermeisters,,41125,0,0,-1,0,0,0,0,0,0,0,0,0,0,0,0,0,0,3,34177024,0,0,0,0,0
61967,-1,Nachhilfestunden,,41128,0,0,-1,0,0,0,0,0,0,0,0,0,0,33540,109,2060,0,3,36372736,8192,0,57559,62706,0
61996,-1,Sagt die Zauberworte,,41154,87380,0,-1,0,0,0,0,0,0,0,0,0,182474,0,0,2060,0,2,37781512,8192,512,57600,0,0
61997,-1,Tracking Quest,,41155,0,0,-1,0,0,0,0,0,0,0,0,0,0,0,0,2060,0,2,33588224,0,512,0,0,0
62051,-1,Gormlingwerfen: Geistertal,,41209,88074,0,-1,0,0,0,0,0,0,0,0,0,0,33593,109,2060,0,3,104530176,0,0,57559,62706,0
62058,-1,"Zenturionen, sammelt Euch!",,41216,85106,0,-1,0,0,0,0,0,0,0,0,0,0,33595,109,2060,0,3,37290240,0,0,57559,62706,0
62068,-1,Gormlingfänger: Zerfallener Grat,,41221,79261,0,-1,0,0,0,0,0,0,0,0,0,0,33604,109,837,0,3,108724480,0,0,57559,62706,0
62110,-1,Ungebetene Gäste,,42807,78577,0,-1,0,0,0,0,0,0,0,0,0,0,32041,272,2060,0,3,36245504,524288,12288,0,0,0
62111,-1,Drezgruda,,42812,78577,0,-1,0,0,0,0,0,0,0,0,0,0,32041,272,2060,0,3,36245504,524288,12288,0,0,0
62112,-1,Schwappi,,42811,78578,0,-1,0,0,0,0,0,0,0,0,0,0,32041,272,2060,0,3,36245504,524288,12288,0,0,0
62113,-1,Ungebetene Gäste,,42806,78578,0,-1,0,0,0,0,0,0,0,0,0,0,32041,272,2060,0,3,36245504,524288,12288,0,0,0
62114,-1,Sündenfresser,,42810,78579,0,-1,0,0,0,0,0,0,0,0,0,0,32041,272,2060,0,3,36245504,524288,12288,0,0,0
62115,-1,Ungebetene Gäste,,42805,78579,0,-1,0,0,0,0,0,0,0,0,0,0,32041,272,2060,0,3,36245504,524288,12288,0,0,0
62116,-1,Kedu,,42809,82447,0,-1,0,0,0,0,0,0,0,0,0,0,32041,272,2060,0,3,36245504,524288,12288,0,0,0
62117,-1,Ungebetene Gäste,,42804,82447,0,-1,0,0,0,0,0,0,0,0,0,0,32041,272,2060,0,3,36245504,524288,12288,0,0,0
62118,-1,Traditionelle Kerzen,,42819,78485,0,-1,0,0,0,0,0,0,0,0,0,0,32041,272,2060,0,3,36245504,524288,12288,0,0,0
62119,-1,Lodernde Feuer,,42818,78485,0,-1,0,0,0,0,0,0,0,0,0,0,32041,272,2060,0,3,36245504,524288,12288,0,0,0
62120,-1,Gestohlene Andenken,,42817,78486,0,-1,0,0,0,0,0,0,0,0,0,0,32041,272,2060,0,3,36245504,524288,12288,0,0,0
62121,-1,Gerechtigkeit von Kartell Ta,,42816,78486,0,-1,0,0,0,0,0,0,0,0,0,0,32041,272,2060,0,3,36245504,524288,12288,0,0,0
62122,-1,Mysteriöse Spiegel,,42815,78487,0,-1,0,0,0,0,0,0,0,0,0,0,32041,272,2060,0,3,36245504,524288,12288,0,0,0
62123,-1,Gefängnisausbruch,,42814,78487,0,-1,0,0,0,0,0,0,0,0,0,0,32041,272,2060,0,3,36245504,524288,12288,0,0,0
62124,-1,Ritual der Anklage,,42825,78553,0,-1,0,0,0,0,0,0,0,0,0,0,32041,272,2060,0,3,36245504,524288,12288,0,0,0
62125,-1,Ritual der Absolution,,42824,78553,0,-1,0,0,0,0,0,0,0,0,0,0,32041,272,2060,0,3,36245504,524288,12288,0,0,0
62126,-1,Tierrettung,,42823,78554,0,-1,0,0,0,0,0,0,0,0,0,0,32041,272,2060,0,3,36245504,524288,12288,0,0,0
62127,-1,Abstecher ins Abenteuer,,42822,78554,0,-1,0,0,0,0,0,0,0,0,0,0,32041,272,2060,0,3,36245504,524288,12288,0,0,0
62128,-1,Konzertbeginn,,42821,78555,0,-1,0,0,0,0,0,0,0,0,0,0,32041,272,2060,0,3,36245504,524288,12288,0,0,0
62129,-1,Tanz für die Liebe,,42820,78555,0,-1,0,0,0,0,0,0,0,0,0,0,32041,272,2060,0,3,36245504,524288,12288,0,0,0
62130,-1,Ein stiller Moment,,42832,78557,0,-1,0,0,0,0,0,0,0,0,0,0,32041,272,2060,0,3,36245504,524288,12288,0,0,0
62132,-1,Essensschlacht,,42829,78558,0,-1,0,0,0,0,0,0,0,0,0,0,32041,272,2060,0,3,36245504,524288,12288,0,0,0
62133,-1,Auf Bestellung,,42828,78558,0,-1,0,0,0,0,0,0,0,0,0,0,32041,272,2060,0,3,36245504,524288,12288,0,0,0
62134,-1,Senkt Eure Erwartungen,,42827,78559,0,-1,0,0,0,0,0,0,0,0,0,0,32041,272,2060,0,3,36245504,524288,12288,0,0,0
62135,-1,Pilzexperimente,,42826,78559,0,-1,0,0,0,0,0,0,0,0,0,0,32041,272,2060,0,3,36245504,524288,12288,0,0,0
62136,-1,Klumplump,,42839,85050,0,-1,0,0,0,0,0,0,0,0,0,0,32041,272,2060,0,3,36245504,524288,12288,0,0,0
62137,-1,Theotars Trinkspruch,,42838,85051,0,-1,0,0,0,0,0,0,0,0,0,0,32041,272,2060,0,3,36245504,524288,12288,0,0,0
62138,-1,Hofzermalmer,,42837,85052,0,-1,0,0,0,0,0,0,0,0,0,0,32041,272,2060,0,3,36245504,524288,12288,0,0,0
62139,-1,Knickerbock,,42836,85053,0,-1,0,0,0,0,0,0,0,0,0,0,32041,272,2060,0,3,36245504,524288,12288,0,0,0
62140,-1,Venthyrprovokateur,,42835,85054,0,-1,0,0,0,0,0,0,0,0,0,0,32041,272,2060,0,3,36245504,524288,12288,0,0,0
62141,-1,Brutale Blase,,42834,85055,0,-1,0,0,0,0,0,0,0,0,0,0,32041,272,2060,0,3,36245504,524288,12288,0,0,0
62142,-1,Gluthimmelsschrecken,,42833,85056,0,-1,0,0,0,0,0,0,0,0,0,0,32041,272,2060,0,3,36245504,524288,12288,0,0,0
62143,-1,Der Mord an Oberst Mort,,42847,85057,0,-1,0,0,0,0,0,0,0,0,0,0,32041,272,2060,0,3,36245504,524288,12288,0,0,0
62144,-1,Steinernes Vermächtnis,,42846,85058,0,-1,0,0,0,0,0,0,0,0,0,0,32041,272,2060,0,3,36245504,524288,12288,0,0,0
62145,-1,Modeverbrechen,,42845,85059,0,-1,0,0,0,0,0,0,0,0,0,0,32041,272,2060,0,3,36245504,524288,12288,0,0,0
62146,-1,Einen Hauch komfortabler,,42844,85060,0,-1,0,0,0,0,0,0,0,0,0,0,32041,272,2060,0,3,36245504,524288,12288,0,0,0
62147,-1,Partystörer,,42843,85061,0,-1,0,0,0,0,0,0,0,0,0,0,32041,272,2060,0,3,36245504,524288,12288,0,0,0
62148,-1,Es regnet Anima,,42842,85062,0,-1,0,0,0,0,0,0,0,0,0,0,32041,272,2060,0,3,36245504,524288,12288,0,0,0
62149,-1,[DNT],,42841,85063,0,-1,0,0,0,0,0,0,0,0,0,0,32041,272,2060,0,3,36245504,524288,12288,0,0,0
62150,-1,[DNT],,42840,85064,0,-1,0,0,0,0,0,0,0,0,0,0,32041,272,2060,0,3,36245504,524288,12288,0,0,0
62171,-1,Teekränzchen,,42830,78557,0,-1,0,0,0,0,0,0,0,0,0,0,32041,272,2060,0,3,36245504,524288,12288,0,0,0
62194,-1,Worte des Kampfes,,41282,87379,0,-1,0,0,0,0,0,0,0,0,0,182474,0,0,2060,0,2,39878664,8192,512,57600,0,0
62195,-1,Das letzte Wort,,41284,87378,0,-1,0,0,0,0,0,0,0,0,0,182474,0,0,2060,0,2,37781512,8192,512,57600,0,0
62203,-1,Signifikante Spiegelstörungen,,41291,79970,0,-1,0,0,0,0,0,0,0,0,0,0,33668,109,837,0,3,40435968,0,0,0,0,0
62204,-1,Signifikante Spiegelstörungen,,41292,79970,0,-1,0,0,0,0,0,0,0,0,0,0,33669,109,837,0,3,40435968,0,0,0,0,0
62209,-1,Hundemeister Vasanok,,41297,73557,0,-1,0,0,0,0,0,0,0,0,0,0,33926,0,742,0,3,36241856,0,4096,0,0,0
62210,-1,Sanngror der Folterer,,41298,73557,0,-1,0,0,0,0,0,0,0,0,0,0,33927,0,742,0,3,36241856,0,4096,0,0,0
62211,-1,Huschende Brutmutter,,41299,73557,0,-1,0,0,0,0,0,0,0,0,0,0,33925,0,742,0,3,36241856,0,4096,0,0,0
62212,-1,Tracking Quest,,41300,0,0,-1,0,0,0,0,0,0,0,0,0,0,0,0,2060,0,2,33588224,0,512,0,0,0
62214,-1,Truppen der Verdammnis,,41302,88668,0,-1,0,0,0,0,0,0,0,0,0,0,33675,1,742,0,2,35651976,32768,512,0,0,0
62215,-1,Tracking Quest,,41303,0,0,-1,0,0,0,0,0,0,0,0,0,0,0,0,2060,0,2,33588224,0,512,0,0,0
62233,-1,Tracking Quest,,41317,0,0,-1,0,0,0,0,0,0,0,0,0,0,0,0,2060,0,2,33588224,0,512,0,0,0
62234,-1,Die Macht des Kolosses,,41318,88668,0,-1,0,0,0,0,0,0,0,0,0,0,33682,1,742,0,2,35651976,32768,512,0,0,0
62235,-1,Zerstreut ihre Ängste,,41319,73555,0,-1,0,0,0,0,0,0,0,0,0,0,33681,109,837,0,3,40567040,8192,0,0,0,0
62239,-1,Nagerbekämpfung,,41322,88669,0,-1,0,0,0,0,0,0,0,0,0,183105,34295,0,742,0,2,35782792,32768,512,0,0,0
62241,-1,Trainingsabläufe,,41324,88025,0,-1,0,0,0,0,0,0,0,0,0,0,33697,109,837,0,3,40435968,0,0,0,0,0
62253,-1,Tracking Quest,,41335,0,0,-1,0,0,0,0,0,0,0,0,0,0,0,0,2060,0,2,33588224,0,512,0,0,0
62257,-1,Tracking Quest,,41339,0,0,-1,0,0,0,0,0,0,0,0,0,0,0,0,2060,0,2,33588224,0,512,0,0,0
62258,-1,Der Himmel über der Bastion,,41340,88024,0,-1,0,0,0,0,0,0,0,0,0,0,33698,109,837,0,3,40435968,0,0,0,0,0
62262,-1,Pilzfütterung,,41344,83703,0,-1,0,0,0,0,0,0,0,0,0,0,33706,0,1401,0,2,33554440,32768,512,0,0,0
62280,-1,Limbus,,41361,85543,0,-1,0,0,0,0,0,0,0,0,0,0,33720,109,2060,0,3,104399104,0,0,0,0,0
62290,-1,Tracking Quest,,41371,0,0,-1,0,0,0,0,0,0,0,0,0,0,0,0,2060,0,2,33588224,0,512,0,0,0
62295,-1,Gewölbereinigung,,41374,83700,0,-1,0,0,0,0,0,0,0,0,0,0,33731,0,1401,0,2,33554440,32768,512,0,0,0
62362,-1,Flüchtige Reaktionen,,41424,79684,0,-1,5,0,0,0,0,0,0,0,0,0,33771,0,837,0,2,39846152,40960,512,0,0,0
62363,-1,Schwer gehoben,,41425,79684,0,-1,5,0,0,0,0,0,0,0,0,0,33772,0,837,0,2,39846152,40960,512,0,0,0
62364,-1,Schlimmes Studium,,41426,79684,0,-1,5,0,0,0,0,0,0,0,0,0,33780,0,837,0,2,39846152,40960,512,0,0,0
62365,-1,Sorgsame geschaffene Schöpfungen,,41427,83700,0,-1,0,0,0,0,0,0,0,0,0,0,33781,0,1401,0,2,33554440,32768,512,0,0,0
62390,-1,Leichensammeln,,41451,79684,0,-1,5,0,0,0,0,0,0,0,0,0,33797,0,837,0,2,39846152,40960,512,0,0,0
62411,-1,Tracking Quest,,41472,0,0,-1,0,0,0,0,0,0,0,0,0,0,0,0,2060,0,2,33555456,0,512,0,0,0
62451,-1,Angriff auf die Vorhallen,,41510,87182,0,-1,0,0,0,0,0,0,0,0,0,0,33850,109,837,0,3,3735808,0,0,57559,62706,0
62473,-1,Alt zu neu,,41532,83700,0,-1,0,0,0,0,0,0,0,0,0,0,33859,0,1401,0,2,33554440,32768,512,0,0,0
62484,-1,Frisch ans Werk,,41543,83700,0,-1,0,0,0,0,0,0,0,0,0,183795,33864,0,1401,0,2,37748744,32768,512,0,0,0
62535,-1,Tracking Quest,,41594,0,0,-1,0,0,0,0,0,0,0,0,0,0,0,0,2060,0,2,33555456,0,512,0,0,0
62539,-1,Stygischer Einäscherer,,41598,73557,0,-1,0,0,0,0,0,0,0,0,0,0,33880,0,742,0,3,36241856,0,4096,0,0,0
62553,-1,Verzögerte Mühen,,41610,83703,0,-1,0,0,0,0,0,0,0,0,0,0,33446,0,1401,0,2,37748744,32768,512,0,0,0
62584,-1,Frontversorgung,,41636,83700,0,-1,0,0,0,0,0,0,0,0,0,0,33890,0,1401,0,2,39845896,32768,512,0,0,0
62618,-1,Odalrik,,41669,73557,0,-1,0,0,0,0,0,0,0,0,0,0,0,0,742,0,3,36245888,0,4096,0,0,0
62691,-1,Ein Ruf aus Revendreth,,44340,70102,0,-1,131073,0,0,0,0,0,0,0,0,0,0,271,2060,0,2,103809280,0,8,62695,62699,0
62692,-1,Ein Ruf aus der Bastion,,44339,70101,0,-1,131073,0,0,0,0,0,0,0,0,0,0,271,2060,0,2,103809280,0,8,62698,62699,0
62693,-1,Ein Ruf aus dem Ardenwald,,44337,70103,0,-1,131073,0,0,0,0,0,0,0,0,0,0,271,2060,0,2,103809280,0,0,62697,62699,0
62694,-1,Ein Ruf aus Maldraxxus,,44338,70104,0,-1,131073,0,0,0,0,0,0,0,0,0,0,271,2060,0,2,103809280,0,0,62835,62699,0
62705,-1,Den Tempel durchsuchen,,41744,87994,0,-1,0,0,0,0,0,0,0,0,0,0,0,0,2131,0,3,36372480,16384,512,0,0,0
62712,-1,Zermürbungskrieg,,41751,87995,0,-1,0,0,0,0,0,0,0,0,0,0,0,0,2131,0,3,40566784,8192,512,0,0,0
62720,-1,Der Gefallene Baum,,41759,88877,0,-1,0,0,0,0,0,0,0,0,0,0,0,0,1707,0,3,36241408,0,512,62713,0,0
62721,-1,Die Dekonstruktion des Problems,,41760,87995,0,-1,0,0,0,0,0,0,0,0,0,0,0,0,2131,0,3,40566784,8192,512,0,0,0
62723,-1,Zum Schutz der Bastion,,41762,86994,0,-1,1,0,0,0,0,0,0,0,0,0,0,0,1707,0,2,35127296,2048,512,0,0,0
62724,-1,Ye Olde Test of Strength,,41763,0,0,-1,0,0,0,0,0,0,0,0,0,0,0,0,0,0,3,33554440,0,0,0,0,0
62726,-1,Ye Olde Test of Fortitude,,41765,0,0,-1,0,0,0,0,0,0,0,0,0,0,0,0,0,0,3,33554440,0,0,0,0,0
62732,-1,Locus-Fokus,,41770,87994,0,-1,0,0,0,0,0,0,0,0,0,0,0,0,2131,0,3,40435712,16384,512,0,0,0
62735,-1,Feindselige Erinnerungen,,41773,87994,0,-1,0,0,0,0,0,0,0,0,0,0,0,0,2131,0,3,40435712,16384,512,0,0,0
62736,-1,Maldraxxische Räumungsklage,,41774,87994,0,-1,0,0,0,0,0,0,0,0,0,0,0,0,2131,0,3,36372480,16384,512,0,0,0
62737,-1,Aspirant für einen Tag,,41775,87994,0,-1,0,0,0,0,0,0,0,0,0,0,0,0,2131,0,3,36372480,16384,512,0,0,0
62741,-1,Qual der Wahl,,41779,87995,0,-1,0,0,0,0,0,0,0,0,0,0,0,0,2131,0,3,40566784,8192,512,0,0,0
62742,-1,Meidet sie wie die Pest,,41780,87995,0,-1,0,0,0,0,0,0,0,0,0,0,0,0,2131,0,3,40566784,8192,512,0,0,0
62743,-1,Schleichender Verfall,,41781,87995,0,-1,0,0,0,0,0,0,0,0,0,0,0,0,2131,0,3,6881280,8192,512,0,0,0
62748,-1,Im Dienste Maldraxxus,,41786,86994,0,-1,1,0,0,0,0,0,0,0,0,0,0,0,1707,0,2,35127552,0,512,0,0,0
62763,-1,Unterstützung des Hofes,,41802,86994,0,-1,1,0,0,0,0,0,0,0,0,0,0,0,1707,0,2,35127552,0,512,0,0,0
62773,-1,Traumschreinbecken,,41812,87993,0,-1,0,0,0,0,0,0,0,0,0,0,0,0,1707,0,3,37289984,0,512,62713,0,0
62774,-1,Ruhige Teiche,,41813,87993,0,-1,0,0,0,0,0,0,0,0,0,179921,0,0,1707,0,3,37421056,8192,512,62713,0,0
62775,-1,Der Schwindende Hain,,41814,87993,0,-1,0,0,0,0,0,0,0,0,0,0,0,0,1707,0,3,36241408,0,512,62713,0,0
62778,-1,Unterstützung von Revendreth,,41817,86994,0,-1,1,0,0,0,0,0,0,0,0,0,0,0,1707,0,2,35127552,0,512,0,0,0
62780,-1,Parasiten der Realität,,41819,87998,0,-1,0,0,0,0,0,0,0,0,0,0,0,0,2131,0,3,36241408,0,512,62713,0,0
62781,-1,Asche für alle,,41820,87998,0,-1,0,0,0,0,0,0,0,0,0,0,0,0,2131,0,3,36241408,0,512,62713,0,0
62782,-1,Der Fluchwald,,41821,87998,0,-1,0,0,0,0,0,0,0,0,0,0,0,0,2131,0,3,36241408,0,512,62713,0,0
62783,-1,Lauernde Furcht,,41822,87998,0,-1,0,0,0,0,0,0,0,0,0,0,0,0,2131,0,3,36241408,0,512,62713,0,0
62784,-1,Zeremonienbetrüger,,41823,87998,0,-1,0,0,0,0,0,0,0,0,0,0,0,0,2131,0,3,36241408,0,512,62713,0,0
63031,-1,Beschaffung: Kristallisierte Stygia,,42051,88666,0,-1,0,0,0,0,0,0,0,0,0,184510,34279,0,742,0,2,35651976,32768,512,0,0,0
63038,-1,Zustellung mit Garantie,,42052,88574,0,-1,0,0,0,0,0,0,0,0,0,184513,34297,1,742,0,2,308281480,41024,512,0,0,0
63039,-1,Ein Monument der Vergeltung,,42053,88666,0,-1,0,0,0,0,0,0,0,0,0,0,34280,0,742,0,2,35651976,32768,512,0,0,0
63040,-1,Zustellung mit Garantie,,42054,88574,0,-1,0,0,0,0,0,0,0,0,0,184513,34298,1,742,0,2,308281480,40960,512,0,0,0
63042,-1,Ziellose Seele,,42056,21439,0,-1,0,0,0,0,0,0,0,0,0,0,0,273,742,0,3,34082816,67108864,12288,0,0,0
63043,-1,Zerrissene Seelen,,42057,88666,0,-1,0,0,0,0,0,0,0,0,0,0,34283,0,742,0,2,39911816,32768,512,0,0,0
63044,-1,Rattenschwärmer,,42058,73557,0,-1,0,0,0,0,0,0,0,0,0,0,34170,0,742,0,3,36241792,0,4096,0,0,0
63045,-1,Die Seele nähren,,42059,88574,0,-1,0,0,0,0,0,0,0,0,0,0,34296,1,742,0,2,39846024,40960,512,0,0,0
63047,-1,Beschaffung: Runengeschmiedete Fesseln,,42061,88666,0,-1,0,0,0,0,0,0,0,0,0,184552,34282,0,742,0,2,304087176,32768,512,0,0,0
63050,-1,Beschaffung: Lodernde Barren,,42064,88666,0,-1,0,0,0,0,0,0,0,0,0,184556,34284,0,742,0,2,304087176,32768,512,0,0,0
63062,-1,Leid im Überfluss,,42077,88666,0,-1,0,0,0,0,0,0,0,0,0,0,34281,0,742,0,2,35651720,40960,512,0,0,0
63069,-1,Was sie wissen,,42082,88669,0,-1,0,0,0,0,0,0,0,0,0,0,34277,0,742,0,2,35651720,32768,512,0,0,0
63072,-1,Beschaffung: Stygisches Erz,,42085,88669,0,-1,0,0,0,0,0,0,0,0,0,0,34278,0,742,0,2,35651720,32768,512,0,0,0
63100,-1,Geteiltes Leid,,42113,88666,0,-1,0,0,0,0,0,0,0,0,0,0,34276,0,742,0,2,35717256,32768,512,0,0,0
63166,-1,Ein schemenhaftes Schicksal,,42178,88666,0,-1,0,0,0,0,0,0,0,0,0,0,34299,0,742,0,2,39846024,32768,512,0,0,0
63179,-1,Ertränkt und auseinandergerissen,,42191,88666,0,-1,0,0,0,0,0,0,0,0,0,0,34300,0,742,0,2,39846024,32832,512,0,0,0
63206,-1,Seelenlose Hüllen,,42217,88667,0,-1,0,0,0,0,0,0,0,0,0,0,34305,0,742,0,2,35783048,32768,512,0,0,0
63543,-1,Nekrolordangriff,,42555,91090,0,-1,0,0,0,0,0,0,0,0,0,0,34594,268,2060,0,3,40436032,532480,0,0,0,0
63544,-1,Maldraxxus Assault Complete,,42556,0,0,-1,0,0,0,0,0,0,0,0,0,0,0,0,2043,0,3,33555456,0,8,0,0,0
63685,-1,Bester Freund von Grufthüter Kassir,,42695,89768,0,-1,0,0,0,0,0,0,0,0,0,0,0,0,2060,0,0,2097152,128,520,0,0,0
63686,-1,Bester Freund von Baronin Vashj,,42696,89770,0,-1,0,0,0,0,0,0,0,0,0,0,0,0,2060,0,0,2097152,128,520,0,0,0
63687,-1,Bester Freund von Lady Mondbeere,,42697,89771,0,-1,0,0,0,0,0,0,0,0,0,0,0,0,2060,0,0,2097152,128,520,0,0,0
63688,-1,Bester Freund von Mikanikos,,42698,89772,0,-1,0,0,0,0,0,0,0,0,0,0,0,0,2060,0,0,2097152,128,520,0,0,0
63689,-1,Bester Freund der Gräfin,,42699,89773,0,-1,0,0,0,0,0,0,0,0,0,0,0,0,2060,0,0,2097152,128,520,0,0,0
63690,-1,Bester Freund von Alexandros Mograine,,42700,89774,0,-1,0,0,0,0,0,0,0,0,0,0,0,0,2060,0,0,2097152,128,520,0,0,0
63691,-1,Bester Freund von Jagdhauptmann Korayn,,42701,89775,0,-1,0,0,0,0,0,0,0,0,0,0,0,0,2060,0,0,2097152,128,520,0,0,0
63692,-1,Bester Freund von Polemarch Adrestes,,42702,89776,0,-1,0,0,0,0,0,0,0,0,0,0,0,0,2060,0,0,2097152,128,520,0,0,0
63693,-1,Bester Freund von Rendel und Knüppelfratze,,42703,89777,0,-1,0,0,0,0,0,0,0,0,0,0,0,0,2060,0,0,2097152,128,520,0,0,0
63694,-1,Bester Freund von Choofa,,42704,89778,0,-1,0,0,0,0,0,0,0,0,0,0,0,0,2060,0,0,2097152,128,520,0,0,0
63695,-1,Bester Freund von Dromanin Aliothe,,42705,89779,0,-1,0,0,0,0,0,0,0,0,0,0,0,0,2060,0,0,2097152,128,520,0,0,0
63696,-1,Bester Freund von Großmeister Vole,,42706,89780,0,-1,0,0,0,0,0,0,0,0,0,0,0,0,2060,0,0,2097152,128,520,0,0,0
63697,-1,Bester Freund von Kleia und Pelagos,,42707,89781,0,-1,0,0,0,0,0,0,0,0,0,0,0,0,2060,0,0,2097152,128,520,0,0,0
63698,-1,Bester Freund von Seuchenerfinder Marileth,,42708,89782,0,-1,0,0,0,0,0,0,0,0,0,0,0,0,2060,0,0,2097152,128,520,0,0,0
63699,-1,Bester Freund von Sika,,42709,89783,0,-1,0,0,0,0,0,0,0,0,0,0,0,0,2060,0,0,2097152,128,520,0,0,0
63700,-1,Bester Freund von Steinkopf,,42710,89784,0,-1,0,0,0,0,0,0,0,0,0,0,0,0,2060,0,0,2097152,128,520,0,0,0
63775,-1,Kryptogramme und Schlüssel,,42767,92685,0,-1,0,0,0,0,0,0,0,0,0,0,34999,0,2043,0,2,35651720,32768,512,0,0,0
63776,-1,Beobachtungsdaten,,42768,90234,0,-1,0,0,0,0,0,0,0,0,0,0,35064,0,2043,0,2,35651720,32768,512,0,0,0
63777,-1,Versiegelte Geheimnisse,,42769,90234,0,-1,0,0,0,0,0,0,0,0,0,0,35008,0,2043,0,2,35651720,32768,512,0,0,0
63778,-1,Es geht voran,,42770,92685,0,-1,0,0,0,0,0,0,0,0,0,0,35002,0,2043,0,2,35651720,32768,512,0,0,0
63779,-1,Anschein von Normalität,,42771,92685,0,-1,0,0,0,0,0,0,0,0,0,0,35003,0,2043,0,2,35651720,32768,512,0,0,0
63780,-1,"Mal sehen, wie ihnen DAS gefällt!",,42772,90234,0,-1,0,0,0,0,0,0,0,0,0,0,35004,0,2043,0,2,35651720,32768,512,0,0,0
63781,-1,Schlachtpläne der Schlundgebundenen,,42773,92685,0,-1,0,0,0,0,0,0,0,0,0,0,35005,0,2043,0,2,35651720,32768,512,0,0,0
63782,-1,Schlundgebundene Rituale,,42774,90234,0,-1,0,0,0,0,0,0,0,0,0,0,35006,0,2043,0,2,35651720,32768,512,0,0,0
63783,-1,Animarücknahme,,42775,90234,0,-1,0,0,0,0,0,0,0,0,0,0,35007,0,2043,0,2,35651720,32768,512,0,0,0
63784,-1,Gold spielt keine Rolle,,42776,90234,0,-1,0,0,0,0,0,0,0,0,0,0,35035,0,2043,0,2,35651976,32768,512,0,0,0
63785,-1,Weitere Anstrengungen: Quorum des Suchers,,42777,92685,0,-1,0,0,0,0,0,0,0,0,0,0,35031,0,2043,0,2,36700296,32768,512,0,0,0
63786,-1,Sturm auf den Windgepeitschten Nistgipfel,,42778,92685,0,-1,0,0,0,0,0,0,0,0,0,0,35010,0,2043,0,2,35651720,32768,512,0,0,0
63787,-1,Weitere Anstrengungen: Zerfleischerausguck,,42779,90234,0,-1,0,0,0,0,0,0,0,0,0,0,35011,0,2043,0,2,35651720,32768,512,0,0,0
63788,-1,Weitere Anstrengungen: Refugium der Weisung,,42780,90234,0,-1,0,0,0,0,0,0,0,0,0,0,35012,0,2043,0,2,35651720,32768,512,0,0,0
63789,-1,Weitere Anstrengungen: Höhle des Gelehrten,,42781,90234,0,-1,0,0,0,0,0,0,0,0,0,0,35013,0,2043,0,2,35651720,32768,512,0,0,0
63790,-1,Mittlerkopfgeld: Lord Azzorak,,42782,90234,0,-1,0,0,0,0,0,0,0,0,0,0,35014,1,2043,0,2,169869448,32768,512,0,0,0
63791,-1,Mittlerkopfgeld: Valdinar der Fluchgeborene,,42783,90234,0,-1,0,0,0,0,0,0,0,0,0,0,35015,1,2043,0,2,169869448,32768,512,0,0,0
63792,-1,Mittlerkopfgeld: Nocturnus der Auflöser,,42784,90234,0,-1,0,0,0,0,0,0,0,0,0,0,35016,1,2043,0,2,169869448,32768,512,0,0,0
63793,-1,Mittlerkopfgeld: Ensydius der Schänder,,42785,90234,0,-1,0,0,0,0,0,0,0,0,0,0,35017,1,2043,0,2,169869448,32768,512,0,0,0
63794,-1,Mittlerkopfgeld: Hungriger Behemoth,,42786,90234,0,-1,0,0,0,0,0,0,0,0,0,0,35018,1,2043,0,2,169869704,32768,512,0,0,0
63819,-1,Revendreth Wrapper Complete,,42853,0,0,-1,0,0,0,0,0,0,0,0,0,0,0,0,2043,0,3,33555456,0,0,0,0,0
63820,-1,Bastion Wrapper Complete,,42854,0,0,-1,0,0,0,0,0,0,0,0,0,0,0,0,2043,0,3,33555456,0,8,0,0,0
63821,-1,Ardenweald Wrapper Complete,,42855,0,0,-1,0,0,0,0,0,0,0,0,0,0,0,0,2043,0,3,33555456,0,8,0,0,0
63822,-1,Venthyrangriff,,42856,91495,0,-1,0,0,0,0,0,0,0,0,0,0,34778,268,2060,0,3,6881600,532480,0,0,0,0
63823,-1,Nachtfaeangriff,,42857,91090,0,-1,0,0,0,0,0,0,0,0,0,0,34774,268,2060,0,3,6881600,532480,0,0,0,0
63824,-1,Kyrianerangriff,,42858,91090,0,-1,0,0,0,0,0,0,0,0,0,0,34776,268,2060,0,3,40436032,532480,0,0,0,0
63850,-1,Verfolgung - Kleine Konsolen,,42883,0,0,-1,0,0,0,0,0,0,0,0,0,0,0,265,2057,0,3,34148352,0,12288,0,0,0
63934,-1,Postraub,,42965,90234,0,-1,0,0,0,0,0,0,0,0,0,0,35022,0,2043,0,2,35651720,32768,512,0,0,0
63935,-1,Geliebte Wurzeln,,42966,90234,0,-1,0,0,0,0,0,0,0,0,0,0,35023,0,2043,0,2,35651720,32768,512,0,0,0
63936,-1,Verschlungene Anima,,42967,90234,0,-1,0,0,0,0,0,0,0,0,0,0,35024,0,2043,0,2,35651720,32768,512,0,0,0
63937,-1,"Fiese, große, spitze Zähne",,42968,92685,0,-1,0,0,0,0,0,0,0,0,0,0,35025,0,2043,0,2,35651720,32768,512,0,0,0
63938,-1,Gorm Grown: Black [DNT],,42969,0,0,-1,0,0,0,0,0,0,0,0,0,0,0,0,2043,0,3,33555456,0,8,0,0,0
63939,-1,Gorm Grown: Blue [DNT],,42970,0,0,-1,0,0,0,0,0,0,0,0,0,0,0,0,2043,0,3,33555456,0,8,0,0,0
63940,-1,Gorm Grown: Green [DNT],,42971,0,0,-1,0,0,0,0,0,0,0,0,0,0,0,0,2043,0,3,33555456,0,8,0,0,0
63941,-1,Gorm Grown: Purple [DNT],,42972,0,0,-1,0,0,0,0,0,0,0,0,0,0,0,0,2043,0,3,33555456,0,8,0,0,0
63942,-1,Gorm Grown: White [DNT],,42973,0,0,-1,0,0,0,0,0,0,0,0,0,0,0,0,2043,0,3,33555456,0,8,0,0,0
63943,-1,Gorm Grown: Yellow [DNT],,42974,0,0,-1,0,0,0,0,0,0,0,0,0,0,0,0,2043,0,3,35652608,0,8,0,0,0
63949,-1,Das Schicksal gestalten,,43017,0,0,-1,0,0,0,0,0,0,0,0,0,0,0,0,2043,0,2,33587272,0,512,63902,0,0
63950,-1,Klingenschwingenkrallen,,42981,90234,0,-1,0,0,0,0,0,0,0,0,0,0,35026,0,2043,0,2,35651720,32768,512,0,0,0
63953,-1,Korraks Rache,,42984,0,0,-1,0,0,0,0,0,0,0,0,0,0,19885,0,973,0,3,33619976,0,0,0,0,0
63954,-1,Versiegelte Geheimnisse,,42985,90234,0,-1,0,0,0,0,0,0,0,0,0,0,35037,0,2043,0,2,35651720,32768,512,0,0,0
63955,-1,Versiegelte Geheimnisse,,42986,90234,0,-1,0,0,0,0,0,0,0,0,0,0,35062,0,2043,0,2,35651720,32768,512,0,0,0
63956,-1,Versiegelte Geheimnisse,,42987,90234,0,-1,0,0,0,0,0,0,0,0,0,0,35061,0,2043,0,2,35651720,32768,512,0,0,0
63957,-1,Beobachtungsdaten,,42988,90234,0,-1,0,0,0,0,0,0,0,0,0,0,35065,0,2043,0,2,35651720,32768,512,0,0,0
63958,-1,Beobachtungsdaten,,42989,90234,0,-1,0,0,0,0,0,0,0,0,0,0,35066,0,2043,0,2,35651720,32768,512,0,0,0
63959,-1,Beobachtungsdaten,,42990,90234,0,-1,0,0,0,0,0,0,0,0,0,0,35068,0,2043,0,2,35651720,32768,512,0,0,0
63960,-1,Beobachtungsdaten,,42991,90234,0,-1,0,0,0,0,0,0,0,0,0,0,35067,0,2043,0,2,35651720,32768,512,0,0,0
63961,-1,Versiegelte Geheimnisse,,42992,90234,0,-1,0,0,0,0,0,0,0,0,0,0,35063,0,2043,0,2,35651720,32768,512,0,0,0
63962,-1,Beobachtungsdaten,,42993,90234,0,-1,0,0,0,0,0,0,0,0,0,0,35069,0,2043,0,2,35651720,32768,512,0,0,0
63963,-1,Mittlerkopfgeld: Reißmalm,,42994,90234,0,-1,0,0,0,0,0,0,0,0,0,0,35076,1,2043,0,2,35651720,32768,512,0,0,0
63964,-1,Mittlerkopfgeld: Grimmklaue,,42995,90234,0,-1,0,0,0,0,0,0,0,0,0,0,35077,1,2043,0,2,35651720,32768,512,0,0,0
63965,-1,Rettung der Klingenschwingeneier,,42996,92685,0,-1,0,0,0,0,0,0,0,0,0,0,35029,0,2043,0,2,35651720,32768,512,0,0,0
63989,-1,Charakterschleime,,43019,92685,0,-1,0,0,0,0,0,0,0,0,0,0,35034,0,2043,0,2,39846024,40960,512,0,0,0
64015,-1,In den Fleischwolf,,43042,92685,0,-1,0,0,0,0,0,0,0,0,0,0,35025,0,2043,0,2,39846024,40960,512,0,0,0
64016,-1,Charakterschleime,,43043,92685,0,-1,0,0,0,0,0,0,0,0,0,0,35120,0,2043,0,2,39846024,40960,512,0,0,0
64017,-1,Charakterschleime,,43044,92685,0,-1,0,0,0,0,0,0,0,0,0,0,35119,0,2043,0,2,39846024,40960,512,0,0,0
64018,-1,Das Gewicht des Steins,,43045,92685,0,-1,0,0,0,0,0,0,0,0,0,0,35010,0,2043,0,2,39846024,40960,512,0,0,0
64040,-1,"Heile, heile, Segen",,43064,92685,0,-1,0,0,0,0,0,0,0,0,0,186445,35032,0,2043,0,2,35651720,32768,512,63727,0,0
64043,-1,Heiler gesucht,,43066,92685,0,-1,0,0,0,0,0,0,0,0,0,186448,35033,0,2043,0,2,35782792,32768,512,0,0,0
64065,-1,Lokale Reagenzien,,43078,92685,0,-1,0,0,0,0,0,0,0,0,0,0,35034,0,2043,0,2,35651720,32768,512,0,0,0
64070,-1,Schrott wird wieder flott,,43082,92685,0,-1,0,0,0,0,0,0,0,0,0,0,35028,0,2043,0,2,35651720,32768,512,0,0,0
64080,-1,Geerdet,,43104,92685,0,-1,0,0,0,0,0,0,0,0,0,186474,35031,0,2043,0,2,39977096,40960,512,0,0,0
64089,-1,Tees und Tinkturen,,43110,92685,0,-1,0,0,0,0,0,0,0,0,0,0,35038,0,2043,0,2,35651720,32768,512,0,0,0
64101,-1,Der richtige Umgang,,43120,90234,0,-1,0,0,0,0,0,0,0,0,0,0,35036,0,2043,0,2,35651720,32768,512,0,0,0
64103,-1,Bewährte Methoden,,43123,93336,0,-1,0,0,0,0,0,0,0,0,0,0,35027,0,2043,0,2,35651720,32768,512,0,0,0
64104,-1,Die armen Tierchen,,43124,92685,0,-1,0,0,0,0,0,0,0,0,0,186561,35029,0,2043,0,2,39977096,40960,512,0,0,0
64129,-1,Angriff der Wilden Jagd,,43146,92685,0,-1,0,0,0,0,0,0,0,0,0,0,35002,0,2043,0,2,39977096,40960,512,0,0,0
64131,-1,Tracking Quest,,43148,0,0,-1,0,0,0,0,0,0,0,0,0,0,0,265,807,0,3,33619968,0,0,0,0,0
64138,-1,Tracking Quest,,43155,0,0,-1,0,0,0,0,0,0,0,0,0,0,0,265,807,0,3,33619968,0,0,0,0,0
64166,-1,In memoriam,,43176,92685,0,-1,0,0,0,0,0,0,0,0,0,186672,35003,0,2043,0,2,35782792,32768,512,0,0,0
64194,-1,Kriegsprototyp,,43196,92685,0,-1,0,0,0,0,0,0,0,0,0,0,35033,0,2043,0,2,39977096,40960,512,0,0,0
64211,6130900294268439629,Durchgang im Dunkel,,43212,91338,0,-1,0,0,0,0,0,0,0,0,0,0,0,0,2043,0,2,34603008,0,512,63593,0,0
64212,-6184943489809468494,Durchgang im Dunkel,,43212,91338,0,-1,0,0,0,0,0,0,0,0,0,0,0,0,2043,0,2,34603008,0,512,63593,0,0
64240,-1,Flug der Kyrianer,,43237,92685,0,-1,0,0,0,0,0,0,0,0,0,0,35032,0,2043,0,2,39977096,40960,512,0,0,0
64253,-1,Revendreth Quests Complete,,43250,0,0,-1,0,0,0,0,0,0,0,0,0,0,34778,0,2043,0,3,33555456,0,0,0,0,0
64271,-1,Auf zivilisiertere Art,,43264,92685,0,-1,0,0,0,0,0,0,0,0,0,0,35005,0,2043,0,2,39846024,40960,512,0,0,0
64273,-1,Eindämmung der Helgebundenen,,43266,91638,0,-1,0,0,0,0,0,0,0,0,0,0,35386,136,2043,0,3,2687232,0,512,0,0,0
64274,-1,Tracking Quest,,43267,0,0,-1,0,0,0,0,0,0,0,0,0,0,0,265,2043,0,3,34144320,0,0,0,0,0
64376,-1,Hidden Quest,,43360,0,0,-1,0,0,0,0,0,0,0,0,0,0,0,265,2043,0,3,34144320,0,0,0,0,0
64430,-1,Aus dem Tee kommen,,43414,92685,0,-1,0,0,0,0,0,0,0,0,0,0,35038,0,2043,0,2,39977096,40960,512,0,0,0
64432,-1,Aus Stärke wird Schwäche,,43415,92685,0,-1,0,0,0,0,0,0,0,0,0,0,35028,0,2043,0,2,39846024,40960,512,0,0,0
64510,-1,Peter's Test Task,,43493,0,0,-1,0,0,0,0,0,0,0,0,0,0,0,0,1,0,3,34144256,131072,262144,0,0,0
64531,-1,Mor'geth,,43514,97648,0,-1,0,0,0,0,0,0,0,0,0,0,35388,112,2060,0,3,36241728,0,0,57559,62706,0
64554,-1,Venthyrangriff,,43536,92530,0,-1,0,0,0,0,0,0,0,0,0,0,34778,268,2060,0,3,4784448,532480,0,0,0,0
64560,-1,Animarücknahme,,43542,92561,0,-1,0,0,0,0,0,0,0,0,0,0,0,0,2043,0,2,33554568,32768,512,64555,0,0
64561,-1,Beobachtungsdaten,,43543,92561,0,-1,0,0,0,0,0,0,0,0,0,0,0,0,2043,0,2,33554568,32768,512,64555,0,0
64562,-1,Heiler gesucht,,43544,92561,0,-1,0,0,0,0,0,0,0,0,0,187504,0,0,2043,0,2,33685640,32768,512,64555,0,0
64579,-1,"Leer, aber wertvoll",,43559,94636,0,-1,0,0,0,0,0,0,0,0,0,187516,35794,0,2057,0,2,304087304,32768,512,0,0,0
64592,-1,Historienschutz,,43572,94757,0,-1,0,0,0,0,0,0,0,0,0,0,35967,1,2057,0,2,39846152,40960,512,0,0,0
64641,-1,Mysteriöses Grünzeug,,43621,94758,0,-1,0,0,0,0,0,0,0,0,0,0,0,0,2057,0,2,37748744,8192,512,0,0,0
64717,-1,Material der Schöpfung,,43696,94636,0,-1,0,0,0,0,0,0,0,0,0,187516,35793,0,2057,0,2,308281608,40960,512,0,0,0
64768,-1,Leuchtritzels Artefaktjagd,,43744,99239,0,-1,0,0,0,0,0,0,0,0,0,0,37603,109,2272,0,3,40436096,8192,0,0,0,0
64771,-1,Erleuchteter Exodus,,43748,95904,0,-1,0,0,0,0,0,0,0,0,0,0,0,0,2057,0,2,33554696,4194304,512,64958,0,0
64785,-1,Grün außer Rand und Band,,43762,94636,0,-1,0,0,0,0,0,0,0,0,0,187684,35792,0,2057,0,2,308281608,40960,512,0,0,0
64850,-1,Taktiken von Torghast,,43827,86994,0,-1,1,0,0,0,0,0,0,0,0,0,0,0,1707,0,2,40898816,0,520,0,0,0
64854,-1,Fallbei(l)spiele,,43831,94636,0,-1,0,0,0,0,0,0,0,0,0,187684,35667,0,2057,0,2,308281608,40960,512,0,0,0
64861,-1,Kismetrische Scheibe,,43836,0,0,-1,0,0,0,0,0,0,0,0,0,187792,0,0,2057,0,2,39845888,8192,512,0,0,0
64960,-1,Annelidenfütterung,,43923,95162,0,-1,0,0,0,0,0,0,0,0,0,0,35795,109,2057,0,3,37421056,8192,0,0,0,0
64964,-1,Wählt Euren Kämpfer,,43927,94636,0,-1,0,0,0,0,0,0,0,0,0,0,35796,0,2057,0,2,39846152,40960,512,0,0,0
64974,-1,Einmal aufwischen bitte,,43933,95162,0,-1,0,0,0,0,0,0,0,0,0,0,35797,109,2057,0,3,40435712,8192,0,0,0,0
64977,-1,Ring frei,,43935,94636,0,-1,0,0,0,0,0,0,0,0,0,0,35798,0,2057,0,2,35651592,32768,512,0,0,0
65027,-1,Tracking Quest,,43977,0,0,-1,0,0,0,0,0,0,0,0,0,0,0,0,0,0,3,33621256,0,8,0,0,0
65028,-1,Tracking Quest,,43978,0,0,-1,0,0,0,0,0,0,0,0,0,0,0,0,0,0,3,33621256,0,8,0,0,0
65033,-1,Siegesobservation,,43983,86994,0,-1,1,0,0,0,0,0,0,0,0,0,0,0,1707,0,2,41423104,32768,520,62159,0,0
65053,-1,Riesenlungenkappe,,44001,93633,0,-1,0,0,0,0,0,0,0,0,0,0,32041,272,2060,0,3,36245504,524288,12288,0,0,0
65054,-1,Trainingsattrappen,,44002,93634,0,-1,0,0,0,0,0,0,0,0,0,0,32041,272,2060,0,3,36245504,524288,12288,0,0,0
65055,-1,Beschützende Kohlenpfannen,,44003,93635,0,-1,0,0,0,0,0,0,0,0,0,0,32041,272,2060,0,3,36245504,524288,12288,0,0,0
65056,-1,Lasst ihn nicht entglitschen,,44004,93636,0,-1,0,0,0,0,0,0,0,0,0,0,32041,272,2060,0,3,36245504,524288,12288,0,0,0
65072,-1,Gefährlicher Arbeitsplatz,,44020,94636,0,-1,0,0,0,0,0,0,0,0,0,0,35695,0,2057,0,2,6291720,40960,512,0,0,0
65081,-1,Ein Apfel am Tag,,44029,95162,0,-1,0,0,0,0,0,0,0,0,0,0,35689,109,2057,0,3,40435712,8192,0,0,0,0
65089,-1,Verfroscht,,44037,95162,0,-1,0,0,0,0,0,0,0,0,0,187987,35691,109,2057,0,3,6881280,8192,0,0,0,0
65096,-1,Euer Ende oder meins,,44042,94636,0,-1,0,0,0,0,0,0,0,0,0,0,35696,0,2057,0,2,6291720,40960,512,0,0,0
65102,-1,Fischaugen,,44048,95162,0,-1,0,0,0,0,0,0,0,0,0,187999,35698,109,2057,0,3,6881280,8192,0,0,0,0
65115,-1,Der Lösung auf der Spur,,44058,95162,0,-1,0,0,0,0,0,0,0,0,0,0,35699,109,2057,0,3,6881280,8192,0,0,0,0
65117,-1,Schlechte Proben,,44060,95162,0,-1,0,0,0,0,0,0,0,0,0,0,35702,109,2057,0,3,40435712,8192,0,0,0,0
65119,-1,Automas im Einsatz,,44062,95730,0,-1,0,0,0,0,0,0,0,0,0,0,35711,109,2057,0,3,40435712,8192,0,0,0,0
65121,-1,Freund eines Freundes: Baronin Vashj,,44064,93838,0,-1,0,0,0,0,0,0,0,0,0,0,0,0,2060,0,0,0,0,512,0,0,0
65123,-1,Freund eines Freundes: Lady Mondbeere,,44066,93839,0,-1,0,0,0,0,0,0,0,0,0,0,0,0,2060,0,0,0,0,512,0,0,0
65124,-1,Freund eines Freundes: Mikanikos,,44067,93840,0,-1,0,0,0,0,0,0,0,0,0,0,0,0,2060,0,0,0,0,512,0,0,0
65126,-1,Freund eines Freundes: Die Gräfin,,44068,93841,0,-1,0,0,0,0,0,0,0,0,0,0,0,0,2060,0,0,0,0,512,0,0,0
65128,-1,Freund eines Freundes: Alexandros Mograine,,44069,93842,0,-1,0,0,0,0,0,0,0,0,0,0,0,0,2060,0,0,0,0,512,0,0,0
65129,-1,Freund eines Freundes: Jagdhauptmann Korayn,,44070,93843,0,-1,0,0,0,0,0,0,0,0,0,0,0,0,2060,0,0,0,0,512,0,0,0
65130,-1,Freund eines Freundes: Polemarch Adrestes,,44071,93844,0,-1,0,0,0,0,0,0,0,0,0,0,0,0,2060,0,0,0,0,512,0,0,0
65131,-1,Freund eines Freundes: Rendel und Knüppelfratze,,44072,93845,0,-1,0,0,0,0,0,0,0,0,0,0,0,0,2060,0,0,0,0,512,0,0,0
65132,-1,Freund eines Freundes: Choofa,,44073,93846,0,-1,0,0,0,0,0,0,0,0,0,0,0,0,2060,0,0,0,0,512,0,0,0
65134,-1,Freund eines Freundes: Grufthüter Kassir,,44075,93847,0,-1,0,0,0,0,0,0,0,0,0,0,0,0,2060,0,0,0,0,512,0,0,0
65135,-1,Freund eines Freundes: Dromanin Aliothe,,44076,93848,0,-1,0,0,0,0,0,0,0,0,0,0,0,0,2060,0,0,0,0,512,0,0,0
65136,-1,Freund eines Freundes: Großmeister Vole,,44077,93849,0,-1,0,0,0,0,0,0,0,0,0,0,0,0,2060,0,0,0,0,512,0,0,0
65137,-1,Freund eines Freundes: Kleia und Pelagos,,44078,93850,0,-1,0,0,0,0,0,0,0,0,0,0,0,0,2060,0,0,0,0,512,0,0,0
65138,-1,Freund eines Freundes: Seuchenerfinder Marileth,,44079,93851,0,-1,0,0,0,0,0,0,0,0,0,0,0,0,2060,0,0,0,0,512,0,0,0
65140,-1,Freund eines Freundes: Sika,,44081,93852,0,-1,0,0,0,0,0,0,0,0,0,0,0,0,2060,0,0,0,0,512,0,0,0
65141,-1,Freund eines Freundes: Steinkopf,,44082,93853,0,-1,0,0,0,0,0,0,0,0,0,0,0,0,2060,0,0,0,0,512,0,0,0
65142,-1,Portalparcours,,44083,94636,0,-1,0,0,0,0,0,0,0,0,0,188170,35774,0,2057,0,2,308281608,40960,512,0,0,0
65143,-1,Antros,,44084,98721,0,-1,0,0,0,0,0,0,0,0,0,0,35732,112,2060,0,3,36241728,0,0,57559,0,0
65152,-1,Eine gestärkte Verbindung,,44093,70104,0,-1,0,0,0,0,0,0,0,0,0,0,0,0,837,0,0,39845896,8192,512,62406,0,0
65165,-1,Seelische Unterstützung,,44100,94036,0,-1,131073,0,0,0,0,0,0,0,0,0,0,0,837,0,0,39845896,8192,512,62848,60049,0
65177,-1,Gartenarbeit,,44110,94636,0,-1,0,0,0,0,0,0,0,0,0,0,35799,0,2057,0,2,35651592,32768,512,0,0,0
65226,-1,Flinken Fußes und furchtbar wählerisch,,44152,94636,0,-1,0,0,0,0,0,0,0,0,0,0,35783,0,2057,0,2,39846152,40960,512,0,0,0
65230,-1,Bot-anik,,44155,95162,0,-1,0,0,0,0,0,0,0,0,0,0,35779,109,2057,0,3,6881280,8192,0,0,0,0
65231,-1,Geplündertes Wissen,,44156,95162,0,-1,0,0,0,0,0,0,0,0,0,0,35781,111,2057,0,3,36241408,0,0,0,0,0
65232,-1,Annelidenapokalypse,,44157,95162,0,-1,0,0,0,0,0,0,0,0,0,0,35782,109,2057,0,3,6881280,8192,0,0,0,0
65234,-1,Ach wie süß,,44159,95162,0,-1,0,0,0,0,0,0,0,0,0,0,35784,109,2057,0,3,40435712,8192,0,0,0,0
65244,-1,Verschlingbar,,44169,95162,0,-1,0,0,0,0,0,0,0,0,0,0,35813,109,2057,0,3,6881280,8192,0,0,0,0
65249,-1,Die Niederlage des Kerkermeisters,,44173,95663,0,-1,0,0,0,0,0,0,0,0,0,0,0,0,2057,0,2,33554688,4194304,524800,0,0,0
65252,-1,Stampfen im Akkord,,44176,95162,0,-1,0,0,0,0,0,0,0,0,0,0,35817,109,2057,0,3,6881280,8192,0,0,0,0
65255,-1,Der erzwungene Kreislauf,,44177,94636,0,-1,0,0,0,0,0,0,0,0,0,0,35862,0,2057,0,2,39846152,40960,512,0,0,0
65256,-1,"Putt, putt, bumm",,44178,94636,0,-1,0,0,0,0,0,0,0,0,0,188697,35818,0,2057,0,2,35651592,32768,512,0,0,0
65262,-1,Rettet die Vombatas,,44183,95162,0,-1,0,0,0,0,0,0,0,0,0,0,35831,109,2057,0,3,40435712,8192,0,0,0,0
65264,-1,Operation: Umsiedlung,,44185,94636,0,-1,0,0,0,0,0,0,0,0,0,0,35834,0,2057,0,2,35782664,32768,512,0,0,0
65265,-1,Begrabene Relikte,,44186,94636,0,-1,0,0,0,0,0,0,0,0,0,0,35835,0,2057,0,2,35651848,32768,512,0,0,0
65268,-1,Bzzzzt!,,44190,94636,0,-1,0,0,0,0,0,0,0,0,0,188788,35863,0,2057,0,2,39846152,40960,512,0,0,0
65269,-1,Platzierung nach Plan,,44191,94636,0,-1,0,0,0,0,0,0,0,0,0,0,35839,0,2057,0,2,35651592,32768,512,0,0,0
65325,-1,Partikel des Wissens,,44242,94757,0,-1,0,0,0,0,0,0,0,0,0,0,35974,0,2057,0,2,6291720,40960,512,0,0,0
65326,-1,Wartung unter erschwerten Bedingungen,,44243,94757,0,-1,0,0,0,0,0,0,0,0,0,0,35954,0,2057,0,2,6291720,40960,512,0,0,0
65356,-1,Tracking Quest,,44273,0,0,-1,0,0,0,0,0,0,0,0,0,0,0,265,2057,0,3,34144576,0,0,0,0,0
65362,-1,Unproduktiv,,44279,94757,0,-1,0,0,0,0,0,0,0,0,0,189449,35977,0,2057,0,2,6291720,40960,512,0,0,0
65363,-1,Gefährlicher Zustand,,44280,94757,0,-1,0,0,0,0,0,0,0,0,0,0,35980,0,2057,0,2,6291720,40960,512,0,0,0
65364,-1,Superjiro,,44281,94757,0,-1,0,0,0,0,0,0,0,0,0,0,35982,0,2057,0,2,6291720,40960,512,0,0,0
65402,-1,Mustererkennung,,44319,93710,0,-1,0,0,0,0,0,0,0,0,0,0,35985,109,2057,0,3,6881344,8192,0,0,0,0
65403,-1,Rätselhafte Situation,,44320,93710,0,-1,0,0,0,0,0,0,0,0,0,0,35986,109,2057,0,3,6881344,8192,0,0,0,0
65404,-1,Das letzte Puzzleteil,,44321,93710,0,-1,0,0,0,0,0,0,0,0,0,0,35987,109,2057,0,3,6881344,8192,0,0,0,0
65405,-1,Perplexes Problem,,44322,93710,0,-1,0,0,0,0,0,0,0,0,0,0,35996,109,2057,0,3,6881344,8192,0,0,0,0
65406,-1,Verbindungen finden,,44323,93710,0,-1,0,0,0,0,0,0,0,0,0,0,35989,109,2057,0,3,6881344,8192,0,0,0,0
65407,-1,Mustererkennung,,44324,93710,0,-1,0,0,0,0,0,0,0,0,0,0,35990,109,2057,0,3,6881344,8192,0,0,0,0
65408,-1,Mustererkennung,,44325,93710,0,-1,0,0,0,0,0,0,0,0,0,0,35991,109,2057,0,3,6881344,8192,0,0,0,0
65410,-1,Rätselhafte Situation,,44326,93710,0,-1,0,0,0,0,0,0,0,0,0,0,35992,109,2057,0,3,6881344,8192,0,0,0,0
65411,-1,Rätselhafte Situation,,44327,93710,0,-1,0,0,0,0,0,0,0,0,0,0,35993,109,2057,0,3,6881344,8192,0,0,0,0
65412,-1,Das letzte Puzzleteil,,44328,93710,0,-1,0,0,0,0,0,0,0,0,0,0,35994,109,2057,0,3,6881344,8192,0,0,0,0
65413,-1,Das letzte Puzzleteil,,44329,93710,0,-1,0,0,0,0,0,0,0,0,0,0,35995,109,2057,0,3,6881344,8192,0,0,0,0
65414,-1,Perplexes Problem,,44330,93710,0,-1,0,0,0,0,0,0,0,0,0,0,35997,109,2057,0,3,6881344,8192,0,0,0,0
65415,-1,Perplexes Problem,,44331,93710,0,-1,0,0,0,0,0,0,0,0,0,0,35998,109,2057,0,3,6881344,8192,0,0,0,0
65416,-1,Verbindungen finden,,44332,93710,0,-1,0,0,0,0,0,0,0,0,0,0,35999,109,2057,0,3,6881344,8192,0,0,0,0
65417,-1,Verbindungen finden,,44333,93710,0,-1,0,0,0,0,0,0,0,0,0,0,36047,109,2057,0,3,6881344,8192,0,0,0,0
65445,-1,Notwendige Ressourcenbeschaffung,,44362,94757,0,-1,0,0,0,0,0,0,0,0,0,0,36072,0,2057,0,2,39846152,40960,512,0,0,0
65599,-1,Merl,,44510,95476,0,-1,0,0,0,0,0,0,0,0,0,0,36178,0,2152,0,3,34144704,0,4096,0,0,0
65735,-1,GESUCHT: Custos,,44642,95904,0,-1,0,0,0,0,0,0,0,0,0,0,0,1,2057,0,2,39845888,8192,512,64958,0,0
65748,-1,Vorräte für die Anstrengungen,,44655,95904,0,-1,0,0,0,0,0,0,0,0,0,0,0,0,2057,0,2,37748744,8192,512,64958,0,0
65749,-1,Die nötige Ausrüstung,,44656,0,0,-1,0,0,0,0,0,0,0,0,0,0,0,0,2057,0,2,37748744,8192,512,64230,0,0
65841,-1,Die Ausbreitung verhindern,,44745,96259,0,-1,0,0,0,0,0,0,0,0,0,0,0,0,2313,0,3,35192832,0,512,0,0,0
65889,-1,Verlorene Relikte,,44792,99309,0,-1,0,0,0,0,0,0,0,0,0,0,36363,109,2437,0,3,34144512,0,0,0,0,0
65892,-1,Zersplitterte Splitterflammen,,44795,105254,0,-1,0,0,0,0,0,0,0,0,0,0,0,0,2262,0,3,34144256,0,512,0,0,0
65941,-1,Steinbrech,,44845,0,0,-1,0,0,0,0,0,0,0,0,0,0,36393,0,2153,0,3,34144256,0,0,0,0,0
65994,-1,Djaradingerechtigkeit,,44894,100605,0,-1,1,0,0,0,0,0,0,0,0,0,0,0,2297,0,3,34144256,0,0,65989,65990,0
66004,-1,Galgresh,,44904,0,0,-1,0,0,0,0,0,0,0,0,0,0,0,0,2152,0,3,34148352,0,0,0,0,0
66042,-1,Verschachtelte Muster,,44942,0,0,-1,0,0,0,0,0,0,0,0,0,0,0,0,2057,0,2,37781576,8192,776,64230,0,0
66070,-1,Leuchtklinges Knochen,,44970,99239,0,-1,0,0,0,0,0,0,0,0,0,0,37602,109,2266,0,3,40436096,8192,0,0,0,0
66074,-1,Urscythidenkönigin,,44974,0,0,-1,0,0,0,0,0,0,0,0,0,0,0,0,2307,0,3,34144256,0,0,0,0,0
66076,-1,Uralter Flunker,,44976,0,0,-1,0,0,0,0,0,0,0,0,0,0,0,0,2307,0,3,34144256,0,0,0,0,0
66117,-1,Säubert das Schlachtfeld,,45016,97698,0,-1,0,0,0,0,0,0,0,0,0,0,0,0,2279,0,3,34144256,0,0,0,0,0
66133,-1,Schlüssel der Loyalität,,45032,99309,0,-1,1,0,0,0,0,0,0,0,0,0,0,111,2287,0,3,5865792,8192,0,66419,66802,0
66192,-1,Sicherung des Gebiets: Winterpelzhöhle,,45093,0,0,-1,0,0,0,0,0,0,0,0,0,0,36455,0,2153,0,3,622592,0,0,0,0,0
66194,-1,Forschung 103 - Verfallsbedingungen,,45095,96521,0,-1,0,0,0,0,0,0,0,0,0,0,36461,109,2151,0,3,590080,0,0,0,0,0
66200,-1,Ausgrabungsstätten abgehen,,45100,96521,0,-1,0,0,0,0,0,0,0,0,0,0,36461,136,2151,0,3,590080,0,0,0,0,0
66203,-1,Spült über sie hinweg,,45103,99309,0,-1,1,0,0,0,0,0,0,0,0,0,37947,109,2287,0,3,39911688,8192,0,0,0,0
66220,-1,Verlorene Relikte 2,,45120,95476,0,-1,0,0,0,0,0,0,0,0,0,0,36363,109,2152,0,3,34144256,0,0,0,0,0
66356,-1,Eisenbaum,,45255,0,0,-1,0,0,0,0,0,0,0,0,0,0,0,0,2152,0,3,34144256,0,0,0,0,0
66363,-1,Basiliskenbuckelschild,,45262,101837,0,-1,0,0,0,0,0,0,0,0,0,0,36907,267,2164,0,2,33554696,0,512,0,0,0
66364,-1,Drachen steigen lassen,,45263,101837,0,-1,0,0,0,0,0,0,0,0,0,0,36900,267,2164,0,2,33554696,0,512,0,0,0
66419,-1,Alle für Einen,,45317,104361,0,-1,0,0,0,0,0,0,0,0,0,0,0,111,2287,0,3,41517312,8192,0,65793,0,0
66421,-1,Die Sturmschneise,,45319,0,0,-1,1,0,0,0,0,0,0,0,0,0,0,0,2505,0,3,38338560,8192,0,66331,0,0
66516,-1,"Banale Edelsteine, wohl kaum!",,45405,101836,0,-1,0,0,0,0,0,0,0,0,0,0,36910,267,2164,0,2,33554696,0,512,0,0,0
66517,-1,Eine neue Quelle für Waffen,,45406,101818,0,-1,0,0,0,0,0,0,0,0,0,0,36898,267,2164,0,2,33554696,0,512,0,0,0
66551,-1,Die schrecklichen Drei,,45440,99309,0,-1,0,0,0,0,0,0,0,0,0,0,37865,115,2437,0,3,34144512,0,0,0,0,0
66574,-1,Ein Tropfen Ärger,,45465,21439,0,-1,0,0,0,0,0,0,0,0,0,0,0,0,2266,0,3,34144256,0,0,66481,0,0
66576,-1,Landrückgewinnung,,45466,21439,0,-1,0,0,0,0,0,0,0,0,0,0,0,0,2266,0,3,34144256,0,0,66481,0,0
66588,-1,Flunk der Ältere,,45475,99309,0,-1,0,0,0,0,0,0,0,0,0,0,36584,115,2437,0,3,590080,0,0,0,0,0
66614,-1,"Valinor, das Licht der Äonen",,45497,98714,0,-1,0,0,0,0,0,0,0,0,0,0,33483,111,2426,0,3,37290304,0,0,57559,62706,0
66615,-1,Nurgash Schlammborn,,45498,98714,0,-1,1,0,0,0,0,0,0,0,0,0,33484,111,2426,0,3,37290304,0,0,57559,62706,0
66616,-1,Oranomonos die Immersprießende,,45499,98714,0,-1,0,0,0,0,0,0,0,0,0,0,33485,111,2426,0,3,37290304,0,0,57559,62706,0
66617,-1,Mortanis,,45500,98714,0,-1,0,0,0,0,0,0,0,0,0,0,33486,111,2426,0,3,37290304,0,0,57559,62706,0
66618,-1,Mor'geth,,45501,98715,0,-1,0,0,0,0,0,0,0,0,0,0,35388,111,2426,0,3,36241728,0,0,57559,62706,0
66619,-1,Antros,,45502,98720,0,-1,0,0,0,0,0,0,0,0,0,0,35732,111,2426,0,3,36241728,0,0,57559,0,0
66693,-1,Das Schicksal herausfordern: Schloss Nathria,,45572,97623,0,-1,0,0,0,0,0,0,0,0,0,0,36644,111,837,0,3,36241728,0,2,57559,62706,0
66694,-1,Das Schicksal herausfordern: Sanktum der Herrschaft,,45573,97623,0,-1,0,0,0,0,0,0,0,0,0,0,36643,111,837,0,3,34144576,0,2,57559,62706,0
66695,-1,Das Schicksal herausfordern: Mausoleum der Ersten,,45574,97623,0,-1,0,0,0,0,0,0,0,0,0,0,36642,111,837,0,3,34144576,0,2,57559,62706,0
66696,-1,Das Schicksal herausfordern: Schicksal der Schattenlande,,45575,97625,0,-1,0,0,0,0,0,0,0,0,0,0,36657,111,837,0,3,34144576,0,2,57559,62706,0
66718,-1,Gnolle müssen sterben,,45599,97800,0,-1,0,0,0,0,0,0,0,0,0,0,0,0,2347,0,3,269025280,0,33280,66709,0,0
66802,-1,Tracking Quest,,45639,0,0,-1,0,0,0,0,0,0,0,0,0,0,0,0,0,0,3,33588232,0,8,0,0,0
66805,-1,Schlüssel der Loyalität,,45640,99309,0,-1,1,0,0,0,0,0,0,0,0,0,0,111,2287,0,3,5865792,8192,0,66419,66808,0
66808,-1,Tracking Quest,,45641,0,0,-1,0,0,0,0,0,0,0,0,0,0,0,0,0,0,3,33588232,0,8,0,0,0
66833,-1,Marmoni in Bedrängnis,,45656,99309,0,-1,0,0,0,0,0,0,0,0,0,193212,36800,109,2307,0,3,36372736,0,0,0,0,0
66884,-1,Feuerfeste Ausrüstung,,45701,101820,0,-1,0,0,0,0,0,0,0,0,0,0,36901,267,2164,0,2,33554696,0,512,0,0,0
66890,-1,Gestohlene Werkzeuge,,45707,101822,0,-1,0,0,0,0,0,0,0,0,0,0,36902,267,2164,0,2,33554696,0,512,0,0,0
66891,-1,Explosive Asche,,45708,101822,0,-1,0,0,0,0,0,0,0,0,0,0,36903,267,2164,0,2,33554696,0,512,0,0,0
66896,-1,Nett ins Netz,,45714,99309,0,-1,0,0,0,0,0,0,0,0,0,192191,36864,109,2306,0,3,34275584,0,0,0,0,0
66897,-1,Brennstoff für die Schmiede,,45715,101818,0,-1,0,0,0,0,0,0,0,0,0,0,36899,267,2164,0,2,33554696,0,512,0,0,0
66898,-1,Tracking Quest,,45716,0,0,-1,0,0,0,0,0,0,0,0,0,0,0,0,0,0,3,33559816,0,8,0,0,0
66899,-1,Haarige Beinchen,,45717,101840,0,-1,0,0,0,0,0,0,0,0,0,0,36904,267,2164,0,2,33554696,0,512,0,0,0
66900,-1,Verzauberte Relikte,,45718,101820,0,-1,0,0,0,0,0,0,0,0,0,0,36905,267,2164,0,2,33554696,0,512,0,0,0
66901,-1,Die Welt zerbrechen,,0,99270,0,-1,0,0,0,0,0,0,0,0,0,0,36873,0,2287,0,3,7929856,8192,512,0,0,0
66902,-1,"Hinfort, Bienen!",,45720,99309,0,-1,0,0,0,0,0,0,0,0,0,193064,36875,109,2295,0,3,34275584,0,0,0,0,0
66903,-1,Aufräumen des Gewölbes,,0,99270,0,-1,0,0,0,0,0,0,0,0,0,0,36816,0,2287,0,3,7929856,8192,512,0,0,0
66934,-1,Den Brecher brechen,,45732,99309,0,-1,0,0,0,0,0,0,0,0,0,0,36897,109,2297,0,3,34275584,0,0,0,0,0
66935,-1,Kristallene Schreibfederkiele,,45733,101820,0,-1,0,0,0,0,0,0,0,0,0,0,36906,267,2164,0,2,33554696,0,512,0,0,0
66937,-1,Verfallende Neuigkeiten,,45735,101816,0,-1,0,0,0,0,0,0,0,0,0,0,36909,267,2164,0,2,33554696,0,512,0,0,0
66938,-1,Mammutmark,,45736,101816,0,-1,0,0,0,0,0,0,0,0,0,0,36911,267,2164,0,2,33554696,0,512,0,0,0
66940,-1,Elixierexperiment,,45738,101816,0,-1,0,0,0,0,0,0,0,0,0,0,36912,267,2164,0,2,33554696,0,512,0,0,0
66941,-1,Wunderbare Werkzeuge,,45739,101818,0,-1,0,0,0,0,0,0,0,0,0,0,36913,267,2164,0,2,33554696,0,512,0,0,0
66942,-1,Industriespionage,,45740,101822,0,-1,0,0,0,0,0,0,0,0,0,0,36914,267,2164,0,2,33554696,0,512,0,0,0
66943,-1,Schreibholz,,45741,101835,0,-1,0,0,0,0,0,0,0,0,0,0,36915,267,2164,0,2,33554696,0,512,0,0,0
66944,-1,Pfauenpigmente,,45742,101835,0,-1,0,0,0,0,0,0,0,0,0,0,36916,267,2164,0,2,33554696,0,512,0,0,0
66945,-1,Eisige Tinte,,45743,101835,0,-1,0,0,0,0,0,0,0,0,0,0,36917,267,2164,0,2,33554696,0,512,0,0,0
66949,-1,Schmuckdiebe,,45747,101836,0,-1,0,0,0,0,0,0,0,0,0,0,36918,267,2164,0,2,33554696,0,512,0,0,0
66950,-1,Herz eines Riesen,,45748,101836,0,-1,0,0,0,0,0,0,0,0,0,0,36919,267,2164,0,2,33554696,0,512,0,0,0
66951,-1,Populationskontrolle,,45749,101837,0,-1,0,0,0,0,0,0,0,0,0,0,36908,267,2164,0,2,33554696,0,512,0,0,0
66952,-1,Der Gnolle teure Kleider,,45750,101840,0,-1,0,0,0,0,0,0,0,0,0,0,36920,267,2164,0,2,33554696,0,512,0,0,0
66953,-1,Flauschfaktor,,45751,101840,0,-1,0,0,0,0,0,0,0,0,0,0,36921,267,2164,0,2,33554696,0,512,0,0,0
66956,-1,Drachenjäger Igordan,,45752,0,0,-1,0,0,0,0,0,0,0,0,0,0,0,0,2297,0,3,34144256,0,0,0,0,0
66960,-1,Kluzicc der Aufgestiegene,,45755,0,0,-1,0,0,0,0,0,0,0,0,0,0,0,0,2280,0,3,34144256,0,0,0,0,0
66970,-1,Ty'foon der Aufgestiegene,,45766,0,0,-1,0,0,0,0,0,0,0,0,0,0,0,0,2152,0,3,34144256,0,0,0,0,0
66989,-1,Hilfreiche Ernte,,45784,99309,0,-1,0,0,0,0,0,0,0,0,0,193826,36928,109,2151,0,3,40567040,0,0,0,0,0
67005,-1,Protodrachenzähmen leicht gemacht,,46700,100571,0,-1,0,0,0,0,0,0,0,0,0,194818,37026,113,2523,0,3,36372736,0,0,0,0,0
67006,-1,Löschen der Flamme,,45807,99309,0,-1,0,0,0,0,0,0,0,0,0,0,36946,109,2297,0,3,34275584,0,0,0,0,0
67009,-1,Flunkerunfug,,45809,99309,0,-1,0,0,0,0,0,0,0,0,0,193918,36948,109,2151,0,3,40567040,0,0,0,0,0
67010,-1,Am Überkochen,,45810,99309,0,-1,0,0,0,0,0,0,0,0,0,0,36947,109,2297,0,3,34275584,0,0,0,0,0
67012,-1,Wenn Flussbestien fliegen,,45812,99309,0,-1,0,0,0,0,0,0,0,0,0,0,36949,109,2151,0,3,40567040,0,0,0,0,0
67014,-1,Gorlocs vom Winde verweht,,45814,99309,0,-1,0,0,0,0,0,0,0,0,0,0,36950,109,2151,0,3,40567040,0,0,0,0,0
67015,-1,Antworten zurechtbiegen,,0,99270,0,-1,0,0,0,0,0,0,0,0,0,0,36852,0,2287,0,3,7929856,8192,131584,0,0,0
67024,-1,Schwelende Verstärkung,,45821,99309,0,-1,0,0,0,0,0,0,0,0,0,0,36968,109,2151,0,3,40567040,0,0,0,0,0
67026,-1,Haltet den Schrein,,45823,99309,0,-1,0,0,0,0,0,0,0,0,0,0,36971,109,2151,0,3,40567040,0,0,0,0,0
67027,-1,Schatten des Todes,,0,99270,0,-1,0,0,0,0,0,0,0,0,0,0,36972,0,2287,0,3,7929856,8192,131584,0,0,0
67062,-1,Auftürmende Konflikte,,45855,99309,0,-1,0,0,0,0,0,0,0,0,0,0,37012,109,2302,0,3,40567040,0,0,0,0,0
67113,-1,Ausgrabung in Nöten,,45901,99309,0,-1,0,0,0,0,0,0,0,0,0,0,37019,109,2284,0,3,38338816,8192,0,0,0,0
67172,-1,Fishing Hole 01 Unlocked,,45926,0,0,-1,0,0,0,0,0,0,0,0,0,0,0,0,2437,0,3,590848,1,8,0,0,0
67173,-1,Diebische Gnolle,,45927,0,0,-1,0,0,0,0,0,0,0,0,0,0,0,0,2311,0,3,34144256,0,0,0,0,0
67717,-1,Gespinstkönigin Ashkaz,,46035,0,0,-1,0,0,0,0,0,0,0,0,0,0,0,0,2263,0,3,34177024,0,0,0,0,0
67744,-1,Shezra,,46043,0,0,-1,0,0,0,0,0,0,0,0,0,0,0,0,2151,0,3,34144256,0,0,0,0,0
69667,-1,Dampfkieme,,46427,0,0,-1,0,0,0,0,0,0,0,0,0,0,37764,0,2153,0,3,34144256,0,0,0,0,0
69668,-1,Schmokflunk der Feuerspeier,,46428,0,0,-1,0,0,0,0,0,0,0,0,0,0,37773,0,2153,0,3,34144256,0,0,0,0,0
69837,-1,Sonnenschuppenungetüm,,46484,0,0,-1,0,0,0,0,0,0,0,0,0,0,0,0,2152,0,3,34144256,0,0,0,0,0
69838,-1,Amethyzar der Glitzernde,,46485,0,0,-1,0,0,0,0,0,0,0,0,0,0,37772,0,2153,0,3,34144256,0,0,0,0,0
69839,-1,Azras preisgekrönte Pfingstrose,,46486,0,0,-1,0,0,0,0,0,0,0,0,0,0,37785,0,2295,0,3,34144256,0,0,0,0,0
69848,-1,Riesige Magmakrabbe,,46492,0,0,-1,0,0,0,0,0,0,0,0,0,0,37783,0,2153,0,3,34144256,0,0,0,0,0
69849,-1,Wütender Dampffontänenelementar,,46493,0,0,-1,0,0,0,0,0,0,0,0,0,0,0,0,2152,0,3,34148352,0,0,0,0,0
69850,-1,Wollfang,,46494,0,0,-1,0,0,0,0,0,0,0,0,0,0,0,0,2152,0,3,34148352,0,0,0,0,0
69851,-1,Fetzsäge der Pirscher,,46495,0,0,-1,0,0,0,0,0,0,0,0,0,0,0,0,2439,0,3,34144256,0,0,0,0,0
69852,-1,Territorialer Küstling,,46496,0,0,-1,0,0,0,0,0,0,0,0,0,0,0,0,2439,0,3,34144256,0,0,0,0,0
69854,-1,Solethus' Grabstein,,46498,0,0,-1,0,0,0,0,0,0,0,0,0,0,0,0,2152,0,3,36245504,0,0,0,0,0
69856,-1,Fulgurb,,46500,0,0,-1,0,0,0,0,0,0,0,0,0,0,37760,0,2152,0,3,34144256,0,0,0,0,0
69857,-1,Mikrin der tobenden Winde,,46501,0,0,-1,0,0,0,0,0,0,0,0,0,0,37766,0,2078,0,3,34144256,0,0,0,0,0
69858,-1,Seuchenfell,,46502,0,0,-1,0,0,0,0,0,0,0,0,0,0,0,0,2311,0,3,34148352,0,0,0,0,0
69859,-1,Sandana der Sturm,,46503,0,0,-1,0,0,0,0,0,0,0,0,0,0,37767,0,2153,0,3,34144256,0,0,0,0,0
69861,-1,Trilvarus Lehrenweber,,46505,0,0,-1,0,0,0,0,0,0,0,0,0,0,0,0,2311,0,3,34148352,0,8,0,0,0
69864,-1,Vergessene Schöpfung,,46508,0,0,-1,0,0,0,0,0,0,0,0,0,0,0,0,2311,0,3,34144256,0,0,0,0,0
69865,-1,Schuppensucherin Mezeri,,46509,0,0,-1,0,0,0,0,0,0,0,0,0,0,0,0,2152,0,3,34148352,0,0,0,0,0
69866,-1,Pfliep,,46510,0,0,-1,0,0,0,0,0,0,0,0,0,0,37778,0,2401,0,3,34144256,0,0,0,0,0
69868,-1,Brutweberin Araznae,,46512,0,0,-1,0,0,0,0,0,0,0,0,0,0,37768,0,2153,0,3,34144256,0,0,0,0,0
69871,-1,Malsegan,,46515,0,0,-1,0,0,0,0,0,0,0,0,0,0,37762,0,2152,0,3,34144256,0,0,0,0,0
69872,-1,"Vakril, der stärkste Tuskarr",,46516,0,0,-1,0,0,0,0,0,0,0,0,0,0,0,0,2311,0,3,34144256,0,0,0,0,0
69873,-1,Henlare,,46517,0,0,-1,0,0,0,0,0,0,0,0,0,0,0,0,2385,0,3,34144512,0,0,0,0,0
69874,-1,Gorjo der Krabbenfessler,,46518,0,0,-1,0,0,0,0,0,0,0,0,0,0,37759,0,2153,0,3,34144256,0,0,0,0,0
69875,-1,Eldoren der Wiedergeborene,,46519,0,0,-1,0,0,0,0,0,0,0,0,0,0,37771,0,2153,0,3,34144256,0,0,0,0,0
69877,-1,Oshigol,,46521,0,0,-1,0,0,0,0,0,0,0,0,0,0,37761,0,2152,0,3,34144256,0,0,0,0,0
69878,-1,Ronsak der Dezimierer,,46522,0,0,-1,0,0,0,0,0,0,0,0,0,0,37753,0,2258,0,3,34144256,0,0,0,0,0
69879,-1,Zaubergeschmiedeter Schneemann,,46523,0,0,-1,0,0,0,0,0,0,0,0,0,0,0,0,2153,0,3,34148352,0,0,0,0,0
69880,-1,Flussläufer Tamopo,,46524,0,0,-1,0,0,0,0,0,0,0,0,0,0,37769,0,2153,0,3,34144256,0,0,0,0,0
69882,-1,Lord Epochenbrgl,,46526,0,0,-1,0,0,0,0,0,0,0,0,0,0,0,0,2152,0,3,34148352,0,0,0,0,0
69883,-1,Matriarchin Remalla,,46527,0,0,-1,0,0,0,0,0,0,0,0,0,0,37780,0,2078,0,3,34144256,0,0,0,0,0
69885,-1,Schroffi,,46528,0,0,-1,0,0,0,0,0,0,0,0,0,0,37758,0,2153,0,3,34144256,0,0,0,0,0
69886,-1,Orkandrian,,46529,0,0,-1,0,0,0,0,0,0,0,0,0,0,37776,0,2078,0,3,34144256,0,0,0,0,0
69891,-1,Lepidoralia der Prunkvolle,,46532,0,0,-1,0,0,0,0,0,0,0,0,0,0,0,0,2078,0,3,34148352,0,0,0,0,0
69892,-1,Grollrüssel,,46533,0,0,-1,0,0,0,0,0,0,0,0,0,0,37757,0,2153,0,3,34144256,0,0,0,0,0
69895,-1,Beschworener Zerstörer,,46535,0,0,-1,0,0,0,0,0,0,0,0,0,0,0,0,2311,0,3,34144256,0,0,0,0,0
69913,-1,Türme irdener Kräfte,,46553,99309,0,-1,0,0,0,0,0,0,0,0,0,0,37108,109,2437,0,3,38338816,8192,0,0,0,0
69916,-1,Berühmte Frösche,,46556,99309,0,-1,0,0,0,0,0,0,0,0,0,197928,37109,109,2304,0,3,34275584,0,0,0,0,0
69924,-1,Türme flammender Kräfte,,46562,99309,0,-1,0,0,0,0,0,0,0,0,0,0,37125,109,2437,0,3,38338816,8192,0,0,0,0
69927,-1,Bazual,,46565,99401,0,-1,0,0,0,0,0,0,0,0,0,0,37136,112,2471,0,3,34144320,0,0,0,0,0
69928,-1,Liskanoth,,46566,99401,0,-1,0,0,0,0,0,0,0,0,0,0,37135,112,2471,0,3,34144320,0,0,0,0,0
69929,-1,Strunraan,,46567,99401,0,-1,0,0,0,0,0,0,0,0,0,0,37137,112,2471,0,3,34144320,0,0,0,0,0
69930,-1,Basrikron,,46568,99401,0,-1,0,0,0,0,0,0,0,0,0,0,37138,112,2471,0,3,34144320,0,0,0,0,0
69931,-1,Im Sturzflug schnappen,,46569,99309,0,-1,0,0,0,0,0,0,0,0,0,0,37160,109,2437,0,3,39387392,8192,0,0,0,0
69938,-1,Angelwahnsinn!,,46576,104843,0,-1,0,0,0,0,0,0,0,0,0,0,38546,109,2437,0,3,34144512,0,0,0,0,0
69941,-1,Eingefrorene Opfer,,46577,99309,0,-1,0,0,0,0,0,0,0,0,0,0,37243,109,2437,0,3,34144512,0,0,0,0,0
69942,-1,Brackenfellmysterien,,46579,99309,0,-1,0,0,0,0,0,0,0,0,0,0,37223,109,2437,0,3,34144512,0,0,0,0,0
69949,-1,Auslöschung,,46795,100571,0,-1,0,0,0,0,0,0,0,0,0,0,37242,113,2523,0,3,4784384,8192,0,0,0,0
69951,-1,Brockon,,46587,0,0,-1,0,0,0,0,0,0,0,0,0,0,37047,0,2078,0,3,34144256,0,0,0,0,0
69952,-1,Kristallus,,46588,0,0,-1,0,0,0,0,0,0,0,0,0,0,37047,0,2078,0,3,34144256,0,0,0,0,0
69953,-1,Karantun,,46589,0,0,-1,0,0,0,0,0,0,0,0,0,0,37047,0,2078,0,3,34144256,0,0,0,0,0
69954,-1,Infernum,,46590,0,0,-1,0,0,0,0,0,0,0,0,0,0,37047,0,2078,0,3,34144256,0,0,0,0,0
69955,-1,Emblazion,,46591,0,0,-1,0,0,0,0,0,0,0,0,0,0,37047,0,2078,0,3,34144256,0,0,0,0,0
69956,-1,Grizzlefels,,46592,0,0,-1,0,0,0,0,0,0,0,0,0,0,37047,0,2078,0,3,34144256,0,0,0,0,0
69959,-1,Gaelzion,,46595,0,0,-1,0,0,0,0,0,0,0,0,0,0,37047,0,2078,0,3,34144256,0,0,0,0,0
69960,-1,Gravlion,,46596,0,0,-1,0,0,0,0,0,0,0,0,0,0,37047,0,2078,0,3,34144256,0,0,0,0,0
69961,-1,Frozion,,46597,0,0,-1,0,0,0,0,0,0,0,0,0,0,37047,0,2078,0,3,34144256,0,0,0,0,0
69962,-1,Verderbter Protodrache,,46598,0,0,-1,0,0,0,0,0,0,0,0,0,0,0,0,2154,0,3,34148352,0,0,0,0,0
69963,-1,Urtumbeschützerin,,46599,0,0,-1,0,0,0,0,0,0,0,0,0,0,0,0,2437,0,3,34148352,0,0,0,0,0
69964,-1,Aufgebrachter Elementar,,46600,0,0,-1,0,0,0,0,0,0,0,0,0,0,0,0,2152,0,3,34148352,0,0,0,0,0
69966,-1,Rokmur,,46602,0,0,-1,0,0,0,0,0,0,0,0,0,0,37755,0,2153,0,3,34144256,0,0,0,0,0
69967,-1,Ausguck Mordren,,46603,0,0,-1,0,0,0,0,0,0,0,0,0,0,0,0,2385,0,3,34144256,0,0,0,0,0
69968,-1,Prozela Windschuss,,46604,0,0,-1,0,0,0,0,0,0,0,0,0,0,0,0,2256,0,3,34144256,0,0,0,0,0
69969,-1,Voraazka,,46605,0,0,-1,0,0,0,0,0,0,0,0,0,0,37047,0,2078,0,3,34144256,0,0,0,0,0
69970,-1,Kain Feuermal,,46606,0,0,-1,0,0,0,0,0,0,0,0,0,0,37047,0,2078,0,3,34144256,0,0,0,0,0
69971,-1,Eisklingentrio,,46607,0,0,-1,0,0,0,0,0,0,0,0,0,0,37047,0,2078,0,3,34144256,0,0,0,0,0
69972,-1,Zurgaz Kernbrecher,,46608,0,0,-1,0,0,0,0,0,0,0,0,0,0,37047,0,2078,0,3,34144256,0,0,0,0,0
69973,-1,Rouen Eiswind,,46609,0,0,-1,0,0,0,0,0,0,0,0,0,0,37047,0,2078,0,3,34144256,0,0,0,0,0
69974,-1,Pipfunke Donnerschnapp,,46610,0,0,-1,0,0,0,0,0,0,0,0,0,0,37047,0,2078,0,3,34144256,0,0,0,0,0
69975,-1,Neela Feuerfluch,,46611,0,0,-1,0,0,0,0,0,0,0,0,0,0,37047,0,2078,0,3,34144256,0,0,0,0,0
69976,-1,Phenran,,46612,0,0,-1,0,0,0,0,0,0,0,0,0,0,37781,0,2078,0,3,34144256,0,0,0,0,0
69987,-1,"Das Feld der Wildheit, die Zweite: Schrecken des Sumpfes!",,46623,99450,0,-1,0,0,0,0,0,0,0,0,0,0,37197,111,2249,0,3,34144512,0,0,0,0,0
69988,-1,Schillernde Steine,,46624,99309,0,-1,0,0,0,0,0,0,0,0,0,0,37222,109,2251,0,3,34275584,8192,0,0,0,0
69990,-1,"Das Feld der Wildheit, die Zweite: Fürst des Verfalls!",,46626,99450,0,-1,0,0,0,0,0,0,0,0,0,0,37199,111,2249,0,3,34144512,0,0,0,0,0
69991,-1,"Das Feld der Wildheit, die Zweite: Gegner aus dem Vulkan!",,46627,99450,0,-1,0,0,0,0,0,0,0,0,0,0,37200,111,2249,0,3,34144512,0,0,0,0,0
69993,-1,"Das Feld der Wildheit, die Zweite: Verloren im Traum!",,46629,99450,0,-1,0,0,0,0,0,0,0,0,0,0,37201,111,2249,0,3,34144512,0,0,0,0,0
69994,-1,"Das Feld der Wildheit, die Zweite: Elementare Rache!",,46630,99450,0,-1,0,0,0,0,0,0,0,0,0,0,37202,111,2249,0,3,34144512,0,0,0,0,0
69995,-1,"Das Feld der Wildheit, die Zweite: Meister der Jagd!",,46631,99450,0,-1,0,0,0,0,0,0,0,0,0,0,37203,111,2249,0,3,34144512,0,0,0,0,0
70011,-1,Fellige Freunde,,46647,99309,0,-1,0,0,0,0,0,0,0,0,0,0,37302,109,2437,0,3,34144512,0,0,0,0,0
70012,-1,Schützt die Netze!,,46648,99309,0,-1,0,0,0,0,0,0,0,0,0,0,37295,109,2437,0,3,34144512,0,0,0,0,0
70015,-1,Verfallsäuberung,,46651,99309,0,-1,0,0,0,0,0,0,0,0,0,0,37297,109,2437,0,3,37290240,0,0,0,0,0
70016,-1,Das Land beruhigen,,46652,99309,0,-1,0,0,0,0,0,0,0,0,0,0,37298,109,2437,0,3,38338816,8192,0,0,0,0
70021,-1,Die Sage von Tapionnuq,,46657,99309,0,-1,0,0,0,0,0,0,0,0,0,0,37378,109,2437,0,3,40435968,8192,0,0,0,0
70024,-1,Tracking Quest,,46676,0,0,-1,0,0,0,0,0,0,0,0,0,0,0,0,0,0,3,33555464,0,8,0,0,0
70035,-1,Ruriqs Stromschnellenritt,,46671,99517,0,-1,0,0,0,0,0,0,0,0,0,0,37551,109,2437,0,3,40435968,8192,0,0,0,0
70037,-1,Energielose Werkzeuge,,46672,99309,0,-1,0,0,0,0,0,0,0,0,0,0,37209,111,2437,0,3,34144512,0,0,0,0,0
70039,-1,Tracking Quest,,46675,0,0,-1,0,0,0,0,0,0,0,0,0,0,0,0,0,0,3,33555464,0,8,0,0,0
70047,-1,Eisige Gefängnisse,,46683,99309,0,-1,0,0,0,0,0,0,0,0,0,0,37235,109,2437,0,3,34144512,0,0,0,0,0
70057,-1,Diebische Tarasek,,46693,99309,0,-1,0,0,0,0,0,0,0,0,0,0,37224,109,2382,0,3,34275584,0,0,0,0,0
70064,-1,Für Imbu!,,46701,99309,0,-1,0,0,0,0,0,0,0,0,0,0,37483,136,2521,0,3,34144512,0,0,0,0,0
70066,-1,Die Rückeroberung der Festung,,46703,99309,0,-1,0,0,0,0,0,0,0,0,0,0,37485,136,2521,0,3,34144512,0,0,0,0,0
70067,-1,Eine Botschaft an die Nokhud,,46704,99309,0,-1,0,0,0,0,0,0,0,0,0,0,37484,136,2521,0,3,34144512,0,0,0,0,0
70068,-1,Kobaltkatastrophe,,46705,99309,0,-1,0,0,0,0,0,0,0,0,0,0,37481,136,2521,0,3,34144512,0,0,0,0,0
70071,-1,Das Sammeln der Magie,,46708,99309,0,-1,0,0,0,0,0,0,0,0,0,0,37234,109,2437,0,3,40435968,8192,0,0,0,0
70072,-1,Zeitverloren und wiedergefunden,,46709,99309,0,-1,0,0,0,0,0,0,0,0,0,0,37319,109,2437,0,3,34144512,0,0,0,0,0
70073,-1,Blaufederbanner,,46710,99309,0,-1,0,0,0,0,0,0,0,0,0,0,37358,109,2437,0,3,39387392,8192,0,0,0,0
70074,-1,Plünderung der Splitterflammen,,46711,99309,0,-1,0,0,0,0,0,0,0,0,0,0,37256,109,2437,0,3,34144512,0,0,0,0,0
70075,-1,Katalogisieren der Küste des Erwachens,,46712,100503,0,-1,0,0,0,0,0,0,0,0,0,0,37366,109,2437,0,3,4784384,8192,0,0,0,0
70079,-1,Die Ebenen von Ohn'ahra katalogisieren,,46716,100503,0,-1,0,0,0,0,0,0,0,0,0,0,37393,109,2437,0,3,4784384,8192,0,0,0,0
70100,-1,Katalogisieren des Azurblauen Gebirges,,46737,100503,0,-1,0,0,0,0,0,0,0,0,0,0,37447,109,2437,0,3,38338816,8192,0,0,0,0
70110,-1,Katalogisieren von Thaldraszus,,46747,100503,0,-1,0,0,0,0,0,0,0,0,0,0,37494,109,2437,0,3,38338816,8192,0,0,0,0
70111,-1,Tempelschätze,,46748,99309,0,-1,0,0,0,0,0,0,0,0,0,0,37251,109,2437,0,3,38469888,0,0,0,0,0
70112,-1,Furbolgbedrohung,,46749,99309,0,-1,0,0,0,0,0,0,0,0,0,0,37250,109,2519,0,3,34275584,0,0,0,0,0
70146,-1,Hochlandgegenschlag,,46779,99309,0,-1,0,0,0,0,0,0,0,0,0,0,37317,109,2249,0,3,34144512,0,0,0,0,0
70149,-1,Hoffnung für das Hochland,,46782,99309,0,-1,0,0,0,0,0,0,0,0,0,0,37777,109,2249,0,3,34144512,0,0,0,0,0
70150,-1,"Viele Welpen, kümmert Euch drum",,46783,103223,0,-1,1,0,0,0,0,0,0,0,0,0,37252,109,2296,0,3,39911688,8192,0,0,0,0
70152,-1,Angelwahnsinn!,,46785,99309,0,-1,0,0,0,0,0,0,0,0,0,0,37876,109,2437,0,3,34144512,0,0,0,0,0
70160,-1,Verteidigung einer alchemistischen These,,46793,99309,0,-1,0,0,0,0,0,0,0,0,0,0,37264,109,2437,0,3,36241664,0,0,0,0,0
70172,-1,Berggeheimnisse,,46805,99309,0,-1,0,0,0,0,0,0,0,0,0,0,37276,109,2437,0,3,34144512,0,0,0,0,0
70176,-1,Eingesponnen,,46809,99309,0,-1,0,0,0,0,0,0,0,0,0,0,37277,109,2437,0,3,34144512,0,0,0,0,0
70180,-1,Starthilfe? Kommt sofort!,,46813,0,0,-1,0,0,0,0,0,0,0,0,0,0,0,0,2401,0,2,39845888,8192,512,71232,0,0
70196,-1,Reservatreinigung,,46818,105994,0,-1,0,0,0,0,0,0,0,0,0,0,0,0,2151,0,3,34144256,0,512,0,0,0
70209,-1,Quaken und angreifen,,46826,100571,0,-1,0,0,0,0,0,0,0,0,0,0,37368,113,2523,0,3,4784384,8192,0,0,0,0
70211,-1,Forscherstampfer,,46828,104078,0,-1,0,0,0,0,0,0,0,0,0,0,37337,267,2164,0,2,264,1,2097664,0,0,0
70212,-1,Penumbrus,,46829,0,0,-1,0,0,0,0,0,0,0,0,0,0,37786,0,2151,0,3,34144256,0,0,0,0,0
70213,-1,Harkyn Grymmstein,,46830,0,0,-1,0,0,0,0,0,0,0,0,0,0,38258,0,2151,0,3,34144256,0,0,0,0,0
70221,-1,Zeigt Euren Eifer,,46837,105347,0,-1,0,0,0,0,0,0,0,0,0,0,0,267,2164,0,0,33587464,0,512,0,0,0
70224,-1,Müffelnde Monster,,46840,99309,0,-1,0,0,0,0,0,0,0,0,0,0,37367,109,2437,0,3,34144512,0,0,0,0,0
70233,-1,Axtmangel,,46849,104078,0,-1,0,0,0,0,0,0,0,0,0,0,37338,267,2164,0,2,264,1,2097664,0,0,0
70234,-1,Das ständige Hämmern,,46850,104078,0,-1,0,0,0,0,0,0,0,0,0,0,37339,267,2164,0,2,264,1,2097664,0,0,0
70235,-1,Reparaturrechnung,,46851,104078,0,-1,0,0,0,0,0,0,0,0,0,0,37370,267,2164,0,2,264,1,512,0,0,0
70246,-1,Tracking,,46859,0,0,-1,0,0,0,0,0,0,0,0,0,0,0,0,0,0,3,38339584,8192,8,0,0,0
70248,-1,Tracking,,46861,0,0,-1,0,0,0,0,0,0,0,0,0,0,0,0,0,0,3,38339584,8192,8,0,0,0
70270,-1,Tracking,,46882,0,0,-1,0,0,0,0,0,0,0,0,0,0,0,0,0,0,3,38339584,8192,8,0,0,0
70271,-1,Tracking,,46883,0,0,-1,0,0,0,0,0,0,0,0,0,0,0,0,0,0,3,38339584,8192,8,0,0,0
70272,-1,Tracking,,46884,0,0,-1,0,0,0,0,0,0,0,0,0,0,0,0,0,0,3,38339584,8192,8,0,0,0
70273,-1,Tracking,,46885,0,0,-1,0,0,0,0,0,0,0,0,0,0,0,0,0,0,3,38339584,8192,8,0,0,0
70275,-1,Overcharged Tesla Coil Looted [DND],,46887,0,0,-1,0,0,0,0,0,0,0,0,0,0,0,0,0,0,3,38339584,8192,8,0,0,0
70276,-1,Curious Glyph Tracking,,46888,0,0,-1,0,0,0,0,0,0,0,0,0,0,0,0,0,0,3,38339584,8192,8,0,0,0
70278,-1,Tracking,,46890,0,0,-1,0,0,0,0,0,0,0,0,0,0,0,0,0,0,3,38339584,8192,8,0,0,0
70287,-1,Tracking,,46900,0,0,-1,0,0,0,0,0,0,0,0,0,0,0,0,0,0,3,38339584,8192,8,0,0,0
70290,-1,Tracking,,46903,0,0,-1,0,0,0,0,0,0,0,0,0,0,0,0,0,0,3,38339584,8192,8,0,0,0
70296,-1,Tracking,,46909,0,0,-1,0,0,0,0,0,0,0,0,0,0,0,0,2214,0,3,34145280,0,8,0,0,0
70310,-1,Tracking,,46923,0,0,-1,0,0,0,0,0,0,0,0,0,0,0,0,0,0,3,38339584,8192,8,0,0,0
70311,-1,Tracking,,46924,0,0,-1,0,0,0,0,0,0,0,0,0,0,0,0,0,0,3,38339584,8192,8,0,0,0
70312,-1,Tracking,,46925,0,0,-1,0,0,0,0,0,0,0,0,0,0,0,0,0,0,3,38339584,8192,8,0,0,0
70313,-1,Tracking,,46926,0,0,-1,0,0,0,0,0,0,0,0,0,0,0,0,0,0,3,38339584,8192,8,0,0,0
70314,-1,Tracking,,46927,0,0,-1,0,0,0,0,0,0,0,0,0,0,0,0,0,0,3,38339584,8192,8,0,0,0
70339,-1,In Tyrs Fußstapfen: Die Ebenen von Ohn'ahra,,46939,0,0,-1,0,0,0,0,0,0,0,0,0,0,38252,0,2401,0,2,37748736,8192,512,70633,0,0
70353,-1,Tracking,,46948,0,0,-1,0,0,0,0,0,0,0,0,0,0,0,0,0,0,3,38339584,8192,8,0,0,0
70369,-1,Zurück in die Vergangenheit,,46962,99309,0,-1,0,0,0,0,0,0,0,0,0,0,37434,109,2437,0,3,34144256,0,0,0,0,0
70372,-1,Tracking,,46964,0,0,-1,0,0,0,0,0,0,0,0,0,0,0,0,0,0,3,38339584,8192,8,0,0,0
70382,-1,Drachenreiterrennen - Rubinlebensschrein-Schleife,,46974,101721,0,-1,0,0,0,0,0,0,0,0,0,0,37446,109,2437,0,3,34144512,0,0,0,0,0
70410,-1,Drachenreiterrennen - Blitzfrost-Überflug,,46997,101721,0,-1,0,0,0,0,0,0,0,0,0,0,37452,109,2437,0,3,34144512,0,0,0,0,0
70412,-1,Drachenreiterrennen - Wildreservat-Slalom,,46998,101721,0,-1,0,0,0,0,0,0,0,0,0,0,37453,109,2437,0,3,34144512,0,0,0,0,0
70413,-1,Drachenreiterrennen - Glutstrom-Flug,,46999,101721,0,-1,0,0,0,0,0,0,0,0,0,0,37454,109,2437,0,3,34144512,0,0,0,0,0
70415,-1,Drachenreiterrennen - Flusslauf des Hohen Blätterdachs,,47001,101721,0,-1,0,0,0,0,0,0,0,0,0,0,37455,109,2437,0,3,34144512,0,0,0,0,0
70416,-1,Drachenreiterrennen - Uktuluter Küstenachter,,47002,101721,0,-1,0,0,0,0,0,0,0,0,0,0,37456,109,2437,0,3,34144512,0,0,0,0,0
70417,-1,Drachenreiterrennen - Schwingenrastkreisel,,47003,101721,0,-1,0,0,0,0,0,0,0,0,0,0,37457,109,2437,0,3,34144512,0,0,0,0,0
70418,-1,Drachenreiterrennen - Wildreservat-Parcours,,47004,101721,0,-1,0,0,0,0,0,0,0,0,0,0,37458,109,2437,0,3,34144512,0,0,0,0,0
70419,-1,Drachenreiterrennen - Sonnentüpfelhainstrecke,,47005,101721,0,-1,0,0,0,0,0,0,0,0,0,0,37459,109,2437,0,3,34144512,0,0,0,0,0
70420,-1,Drachenreiterrennen - Moor-Durchflug,,47006,101721,0,-1,0,0,0,0,0,0,0,0,0,0,37460,109,2437,0,3,34144512,0,0,0,0,0
70421,-1,Drachenreiterrennen - Schluchtflusslauf,,47007,101721,0,-1,0,0,0,0,0,0,0,0,0,0,37461,109,2437,0,3,34144512,0,0,0,0,0
70422,-1,Drachenreiterrennen - Smaragdgartenaufstieg,,47008,101721,0,-1,0,0,0,0,0,0,0,0,0,0,37462,109,2437,0,3,34144512,0,0,0,0,0
70423,-1,Drachenreiterrennen - Maruukaispurt,,47009,101721,0,-1,0,0,0,0,0,0,0,0,0,0,37464,109,2437,0,3,34144512,0,0,0,0,0
70424,-1,Drachenreiterrennen - Spurt zum Spiegel des Himmels,,47010,101721,0,-1,0,0,0,0,0,0,0,0,0,0,37467,109,2437,0,3,34144512,0,0,0,0,0
70425,-1,Drachenreiterrennen - Sprint des Azurblauen Gebirges,,47011,101721,0,-1,0,0,0,0,0,0,0,0,0,0,37468,109,2437,0,3,34144512,0,0,0,0,0
70426,-1,Drachenreiterrennen - Slalom des Azurblauen Gebirges,,47012,101721,0,-1,0,0,0,0,0,0,0,0,0,0,37469,109,2437,0,3,34144512,0,0,0,0,0
70427,-1,Drachenreiterrennen - Vakthrosaufstieg,,47013,101721,0,-1,0,0,0,0,0,0,0,0,0,0,37470,109,2437,0,3,34144512,0,0,0,0,0
70428,-1,Drachenreiterrennen - Iskaara-Tour,,47014,101721,0,-1,0,0,0,0,0,0,0,0,0,0,37471,109,2437,0,3,34144512,0,0,0,0,0
70429,-1,Drachenreiterrennen - Frostland-Überflug,,47015,101721,0,-1,0,0,0,0,0,0,0,0,0,0,37472,109,2437,0,3,34144512,0,0,0,0,0
70430,-1,Drachenreiterrennen - Archivring,,47016,101721,0,-1,0,0,0,0,0,0,0,0,0,0,37473,109,2437,0,3,34144512,0,0,0,0,0
70431,-1,Drachenreiterrennen - Flug des Wallenden Walds,,47017,101721,0,-1,0,0,0,0,0,0,0,0,0,0,37474,109,2437,0,3,34144512,0,0,0,0,0
70432,-1,Drachenreiterrennen - Prüfung von Tyrhold,,47018,101721,0,-1,0,0,0,0,0,0,0,0,0,0,37475,109,2437,0,3,34144512,0,0,0,0,0
70433,-1,Drachenreiterrennen - Klippenrundstrecke,,47019,101721,0,-1,0,0,0,0,0,0,0,0,0,0,37476,109,2437,0,3,34144512,0,0,0,0,0
70434,-1,Drachenreiterrennen - Akademieaufstieg,,47020,101721,0,-1,0,0,0,0,0,0,0,0,0,0,37477,109,2437,0,3,34144512,0,0,0,0,0
70435,-1,Drachenreiterrennen - Gartenpromenade,,47022,101721,0,-1,0,0,0,0,0,0,0,0,0,0,37478,109,2437,0,3,34144512,0,0,0,0,0
70436,-1,Drachenreiterrennen - Kreuz und quer durch die Höhlen,,47023,101721,0,-1,0,0,0,0,0,0,0,0,0,0,37479,109,2437,0,3,34144512,0,0,0,0,0
70439,-1,Wildes Arkana,,47025,99309,0,-1,0,0,0,0,0,0,0,0,0,0,37489,113,2523,0,3,4784384,8192,0,0,0,0
70440,-1,Tote Augen,,47026,99309,0,-1,0,0,0,0,0,0,0,0,0,0,37490,109,2437,0,3,38338816,8192,0,0,0,0
70442,-1,Blutiges Bankett,,47028,99309,0,-1,0,0,0,0,0,0,0,0,0,0,37491,109,2437,0,3,34144512,0,0,0,0,0
70502,-1,Saubere Luft,,47085,99309,0,-1,0,0,0,0,0,0,0,0,0,0,37499,109,2437,0,3,41484544,0,0,0,0,0
70529,-1,Bringt sie heim,,47111,99309,0,-1,0,0,0,0,0,0,0,0,0,0,37514,109,2437,0,3,38338816,8192,0,0,0,0
70530,-1,Prüfungswoche,,47112,104075,0,-1,0,0,0,0,0,0,0,0,0,0,37334,267,2164,0,2,264,1,512,0,0,0
70531,-1,Manamarkt,,47113,104075,0,-1,0,0,0,0,0,0,0,0,0,0,37335,267,2164,0,2,264,1,512,0,0,0
70532,-1,Hilfe für die Plünderer,,47114,104075,0,-1,0,0,0,0,0,0,0,0,0,0,37336,267,2164,0,2,264,1,512,0,0,0
70533,-1,"Trunk, neu geölt",,47115,104075,0,-1,0,0,0,0,0,0,0,0,0,0,37377,267,2164,0,2,264,1,512,0,0,0
70539,-1,"Und Ihr dachtet, sie bringen nichts",,47121,104080,0,-1,0,0,0,0,0,0,0,0,0,0,37343,267,2164,0,2,264,1,2097664,0,0,0
70540,-1,Der beste Freund des Ingenieurs,,47122,104080,0,-1,0,0,0,0,0,0,0,0,0,0,37344,267,2164,0,2,264,1,2097664,0,0,0
70541,-1,Jagdtaktiken: Begleiter,,47123,100829,0,-1,0,0,0,0,0,0,0,0,0,0,0,0,2523,0,2,38797312,8320,512,0,0,0
70545,-1,Blingtron 8000...?,,47127,104080,0,-1,0,0,0,0,0,0,0,0,0,0,37345,267,2164,0,2,264,1,512,0,0,0
70549,-1,Leichte Beute,,47131,104424,0,-1,0,0,0,0,0,0,0,0,0,0,37538,109,2437,0,3,34144512,0,0,0,0,0
70557,-1,Fernrohre fern,,47140,104080,0,-1,0,0,0,0,0,0,0,0,0,0,37375,267,2164,0,2,264,1,512,0,0,0
70558,-1,Desillusionierte Illusionen,,47141,104082,0,-1,0,0,0,0,0,0,0,0,0,0,37346,267,2164,0,2,264,1,512,0,0,0
70559,-1,Federleichte Hilfe,,47142,104082,0,-1,0,0,0,0,0,0,0,0,0,0,37347,267,2164,0,2,264,1,2097664,0,0,0
70560,-1,Das mächtigste Werkzeug: Gute Dokumentation,,47143,104082,0,-1,0,0,0,0,0,0,0,0,0,0,37348,267,2164,0,2,264,1,2097664,0,0,0
70561,-1,Eine Schreibertragödie,,47144,104082,0,-1,0,0,0,0,0,0,0,0,0,0,37374,267,2164,0,2,264,1,512,0,0,0
70562,-1,Steine für Installateure,,47145,104083,0,-1,0,0,0,0,0,0,0,0,0,0,37349,267,2164,0,2,264,1,512,0,0,0
70563,-1,Die Ausstellung,,47146,104083,0,-1,0,0,0,0,0,0,0,0,0,0,37350,267,2164,0,2,264,1,512,0,0,0
70564,-1,Brillant,,47147,104083,0,-1,0,0,0,0,0,0,0,0,0,0,37351,267,2164,0,2,264,1,2097664,0,0,0
70565,-1,Besonderheit durch Sättigung,,47148,104083,0,-1,0,0,0,0,0,0,0,0,0,0,37373,267,2164,0,2,264,1,2097664,0,0,0
70567,-1,Wenn man einem Bakar einen Knochen zuwirft,,47149,104084,0,-1,0,0,0,0,0,0,0,0,0,0,37352,267,2164,0,2,264,1,2097664,0,0,0
70568,-1,Mit Schuppen aufgewogen,,47150,104084,0,-1,0,0,0,0,0,0,0,0,0,0,37353,267,2164,0,2,264,1,512,0,0,0
70569,-1,Ein Korb für Trorb,,47151,104084,0,-1,0,0,0,0,0,0,0,0,0,0,37354,267,2164,0,2,264,1,2097664,0,0,0
70571,-1,Trommelwirbel!,,47153,104084,0,-1,0,0,0,0,0,0,0,0,0,0,37372,267,2164,0,2,264,1,512,0,0,0
70572,-1,Die Kälte macht ihnen doch was aus,,47154,104087,0,-1,0,0,0,0,0,0,0,0,0,0,37355,267,2164,0,2,264,1,2097664,0,0,0
70582,-1,Alleine besser weben,,47164,104087,0,-1,0,0,0,0,0,0,0,0,0,0,37356,267,2164,0,2,264,1,512,0,0,0
70586,-1,Zu viele Köche,,47168,104087,0,-1,0,0,0,0,0,0,0,0,0,0,37357,267,2164,0,2,264,1,2097664,0,0,0
70587,-1,Eine Rucksackproblem,,47169,104087,0,-1,0,0,0,0,0,0,0,0,0,0,37371,267,2164,0,2,264,1,2097664,0,0,0
70589,-1,Schmiedekünste sind gefragt,,47171,101818,0,-1,0,0,0,0,0,0,0,0,0,0,0,267,2164,0,2,33587456,0,512,69919,0,0
70591,-1,Ingenieurskünste sind gefragt,,47173,101822,0,-1,0,0,0,0,0,0,0,0,0,0,0,267,2164,0,2,33587456,0,512,69919,0,0
70592,-1,Inschriftenkunde ist gefragt,,47174,101835,0,-1,0,0,0,0,0,0,0,0,0,0,0,267,2164,0,2,33587456,0,512,69919,0,0
70593,-1,Juwelierskünste sind gefragt,,47175,101836,0,-1,0,0,0,0,0,0,0,0,0,0,0,267,2164,0,2,33587456,0,512,69919,0,0
70594,-1,Lederverarbeitung ist gefragt,,47176,101837,0,-1,0,0,0,0,0,0,0,0,0,0,0,267,2164,0,2,33587456,0,512,69919,0,0
70595,-1,Schneiderei ist gefragt,,47177,101840,0,-1,0,0,0,0,0,0,0,0,0,0,0,267,2164,0,2,33587456,0,512,69919,0,0
70602,-1,Geschichtsstunde: Krieg der Sandstürme,,47183,99309,0,-1,0,0,0,0,0,0,0,0,0,0,37539,109,2437,0,3,34144512,0,0,0,0,0
70612,-1,Essen zum Dreifällerundblick,,47193,99309,0,-1,0,0,0,0,0,0,0,0,0,0,37549,109,2437,0,3,38338816,8192,0,0,0,0
70613,-1,Gebt eine Runde Rinde aus,,47194,104081,0,-1,0,0,0,0,0,0,0,0,0,0,37545,267,2164,0,2,264,1,512,0,0,0
70614,-1,Blasenwahnsinn,,47195,104081,0,-1,0,0,0,0,0,0,0,0,0,0,37546,267,2164,0,2,264,1,512,0,0,0
70615,-1,Der Fall der vermissten Kräuter,,47196,104081,0,-1,0,0,0,0,0,0,0,0,0,0,37547,267,2164,0,2,264,1,512,0,0,0
70616,-1,Wie viele?!,,47197,104081,0,-1,0,0,0,0,0,0,0,0,0,0,37548,267,2164,0,2,264,1,512,0,0,0
70617,-1,"Alles meins, meins, meins",,47198,104085,0,-1,0,0,0,0,0,0,0,0,0,0,37540,267,2164,0,2,264,1,512,0,0,0
70618,-1,Der Ruf der Schmiede,,47199,104085,0,-1,0,0,0,0,0,0,0,0,0,0,37542,267,2164,0,2,264,1,512,0,0,0
70619,-1,Eine Studie zu Leder,,47200,104086,0,-1,0,0,0,0,0,0,0,0,0,0,37543,267,2164,0,2,264,1,512,0,0,0
70620,-1,Wie Schuppen von den Augen,,47201,104086,0,-1,0,0,0,0,0,0,0,0,0,0,37544,267,2164,0,2,264,1,512,0,0,0
70622,-1,Neue Vorräte für den Dreifällerundblick,,47203,99309,0,-1,0,0,0,0,0,0,0,0,0,0,37550,109,2437,0,3,38338816,8192,0,0,0,0
70623,-1,Saubere Luft,,47204,99309,0,-1,0,0,0,0,0,0,0,0,0,0,37554,109,2437,0,3,41484544,0,0,0,0,0
70625,-1,Zaubergeschmiedete Schöpfungen,,47205,99309,0,-1,0,0,0,0,0,0,0,0,0,0,37631,111,2521,0,3,34144512,0,0,0,0,0
70629,-1,Angriff auf die Küste,,47209,99309,0,-1,0,0,0,0,0,0,0,0,0,0,37557,109,2437,0,3,34144512,0,0,0,0,0
70631,-1,Saubere Luft,,47211,99309,0,-1,0,0,0,0,0,0,0,0,0,0,37556,109,2437,0,3,41484544,0,0,0,0,0
70632,-1,Katalogisieren der Küste des Erwachens,,47212,100503,0,-1,0,0,0,0,0,0,0,0,0,0,37555,109,2437,0,3,4784384,8192,0,0,0,0
70634,-1,Ausgepeitscht,,47214,99309,0,-1,0,0,0,0,0,0,0,0,0,0,37560,109,2437,0,3,38338816,8192,0,0,0,0
70636,-1,Uralte Protodrachen,,47216,99309,0,-1,0,0,0,0,0,0,0,0,0,0,37263,109,2304,0,3,34144512,0,0,0,0,0
70637,-1,Fishing Hole 01 Nets Unlocked,,47217,0,0,-1,0,0,0,0,0,0,0,0,0,0,0,0,2437,0,3,590848,1,8,0,0,0
70638,-1,Windbrecher,,47219,99309,0,-1,0,0,0,0,0,0,0,0,0,0,37566,109,2437,0,3,36241664,0,0,0,0,0
70639,-1,Azurbanner,,47220,99309,0,-1,0,0,0,0,0,0,0,0,0,0,37571,109,2437,0,3,39387392,8192,0,0,0,0
70646,-1,Druckventil,,47228,99309,0,-1,0,0,0,0,0,0,0,0,0,0,37580,109,2437,0,3,41484544,8192,0,0,0,0
70648,-1,Firava der Entzünder,,47230,0,0,-1,0,0,0,0,0,0,0,0,0,0,0,0,2285,0,3,34144256,0,0,0,0,0
70649,-1,Flunkerabstrich,,47231,99309,0,-1,0,0,0,0,0,0,0,0,0,0,37572,109,2437,0,3,41484544,8192,0,0,0,0
70650,-1,Tyrs Fußspuren: Die Küste des Erwachens,,47232,0,0,-1,1,0,0,0,0,0,0,0,0,0,38253,0,2401,0,2,37748736,8192,512,70376,70341,0
70651,-1,Gestohlenes Gepäck,,47233,99239,0,-1,0,0,0,0,0,0,0,0,0,0,37582,109,2151,0,3,38338816,8192,0,0,0,0
70652,-1,Einer nach dem anderen,,47234,99239,0,-1,0,0,0,0,0,0,0,0,0,0,37583,109,2152,0,3,40435968,0,0,0,0,0
70653,-1,Eiskalte Wissenschaft,,47235,99239,0,-1,0,0,0,0,0,0,0,0,0,0,37586,109,2153,0,3,40435968,0,0,0,0,0
70654,-1,Krümmung der Zeitkatze,,47236,99239,0,-1,0,0,0,0,0,0,0,0,0,0,37589,109,2154,0,3,40435968,8192,0,0,0,0
70655,-1,Direkt von der Ranke,,47237,99239,0,-1,0,0,0,0,0,0,0,0,0,0,37585,109,2152,0,3,40435968,0,0,0,0,0
70656,-1,"Ich hoffe, das funghi-tioniert",,47238,99239,0,-1,0,0,0,0,0,0,0,0,0,0,37591,109,2154,0,3,40435968,0,0,0,0,0
70658,-1,Artefakt oder Fiktion,,47240,99239,0,-1,0,0,0,0,0,0,0,0,0,0,37587,109,2153,0,3,40435968,0,0,0,0,0
70659,-1,Katalogisieren der Ebenen von Ohn'ahra,,47241,100503,0,-1,0,0,0,0,0,0,0,0,0,0,37579,109,2437,0,3,4784384,8192,0,0,0,0
70660,-1,Reich an Mineralien,,47242,99239,0,-1,0,0,0,0,0,0,0,0,0,0,37584,109,2152,0,3,40435968,0,0,0,0,0
70661,-1,Hohe Vorräte,,47243,99239,0,-1,0,0,0,0,0,0,0,0,0,0,37590,109,2154,0,3,40435968,0,0,0,0,0
70662,-1,Knochenarbeit,,47244,99239,0,-1,0,0,0,0,0,0,0,0,0,0,37588,109,2153,0,3,40435968,0,0,0,0,0
70698,-1,Forscherin Schleichflügel,,47266,0,0,-1,0,0,0,0,0,0,0,0,0,0,37754,0,2078,0,3,34144256,0,0,0,0,0
70699,-1,Katalogisieren von Thaldraszus,,47267,100503,0,-1,0,0,0,0,0,0,0,0,0,0,37610,109,2437,0,3,38338816,8192,0,0,0,0
70712,-1,Drachenreiterrennen - Stromschnellenstrecke,,47279,101721,0,-1,0,0,0,0,0,0,0,0,0,0,37620,109,2437,0,3,34144512,0,0,0,0,0
70719,-1,Schattenschlitzer Trakken,,47284,0,0,-1,0,0,0,0,0,0,0,0,0,0,0,0,2308,0,3,34148352,0,0,0,0,0
70720,-1,Die gibt's nicht,,47285,99309,0,-1,0,0,0,0,0,0,0,0,0,199692,37627,109,2437,0,3,38469888,8192,0,0,0,0
70750,-1,Unterstützt das Abkommen,,47316,101661,0,-1,0,0,0,0,0,0,0,0,0,0,0,0,2437,0,2,36733000,0,776,0,0,0
70751,-1,Terillod der Andächtige,,47317,0,0,-1,0,0,0,0,0,0,0,0,0,0,0,0,2279,0,3,34144256,0,0,0,0,0
70763,-1,Weltenschnitzer A'tir,,47327,0,0,-1,0,0,0,0,0,0,0,0,0,0,0,0,2474,0,3,34148352,0,0,0,0,0
70780,-1,Banner von Ohn'ahra,,47342,99309,0,-1,0,0,0,0,0,0,0,0,0,0,37652,109,2437,0,3,39387392,8192,0,0,0,0
70782,-1,Baumkronenbanner,,47344,99309,0,-1,0,0,0,0,0,0,0,0,0,0,37653,109,2437,0,3,39387392,8192,0,0,0,0
70783,-1,Skaara,,47345,0,0,-1,0,0,0,0,0,0,0,0,0,0,0,0,2469,0,3,34144256,0,0,0,0,0
70787,-1,Gefangen in einem dunklen Sturm,,47349,99309,0,-1,0,0,0,0,0,0,0,0,0,0,37654,109,2437,0,3,38469888,8192,0,0,0,0
70823,-1,Tracking Quest,,47385,0,0,-1,0,0,0,0,0,0,0,0,0,0,0,0,0,0,3,33555464,0,8,0,0,0
70824,-1,Tracking Quest,,47386,0,0,-1,0,0,0,0,0,0,0,0,0,0,0,0,0,0,3,33555464,0,8,0,0,0
70825,-1,Tracking Quest,,47387,0,0,-1,0,0,0,0,0,0,0,0,0,0,0,0,0,0,3,33555464,0,8,0,0,0
70826,-1,Tracking Quest,,47388,0,0,-1,0,0,0,0,0,0,0,0,0,0,0,0,0,0,3,33555464,0,8,0,0,0
70827,-1,Tracking Quest,,47389,0,0,-1,0,0,0,0,0,0,0,0,0,0,0,0,0,0,3,33555464,0,8,0,0,0
70845,-1,In Tyrs Fußstapfen,,47405,0,0,-1,0,0,0,0,0,0,0,0,0,0,0,0,2401,0,2,37748736,8192,512,70180,0,0
70881,-1,Vierte Herausforderung von Tyr: Einfallsreichtum,,47435,0,0,-1,1,0,0,0,0,0,0,0,0,0,38254,81,2401,0,2,37748736,8192,512,70621,70510,0
70899,-1,Vierte Herausforderung von Tyr: Genialität,,47452,0,0,-1,0,0,0,0,0,0,0,0,0,200120,38255,0,2401,0,2,37879808,8192,512,70881,0,0
70934,-1,Umarmung des Salamanthers,,47475,99309,0,-1,0,0,0,0,0,0,0,0,0,0,37756,109,2437,0,3,37290240,0,0,0,0,0
70947,-1,Schatzbesessener Trambladd,,47487,0,0,-1,0,0,0,0,0,0,0,0,0,0,38003,0,2154,0,3,34144256,0,0,0,0,0
70979,-1,Magmaton,,47518,0,0,-1,0,0,0,0,0,0,0,0,0,0,37763,0,2151,0,3,34144256,0,0,0,0,0
70983,-1,O'nank Strandsieb,,47520,0,0,-1,0,0,0,0,0,0,0,0,0,0,38000,0,2151,0,3,34144256,0,0,0,0,0
70984,-1,Wogenbrecher,,47521,99309,0,-1,0,0,0,0,0,0,0,0,0,0,37813,136,2287,0,3,34144512,0,0,65793,0,0
70986,-1,Gefreite Shikzar,,47523,0,0,-1,0,0,0,0,0,0,0,0,0,0,0,0,2154,0,3,38338560,0,0,0,0,0
71028,-1,Jagdtaktiken: Segen von Ohn'ahra,,47558,100830,0,-1,0,0,0,0,0,0,0,0,0,0,0,0,2523,0,2,38797312,8320,512,0,0,0
71033,-1,Tracking - Ohn'iri Springs Event Chest,,47563,0,0,-1,0,0,0,0,0,0,0,0,0,0,0,0,0,0,3,34145280,0,8,0,0,0
71140,-1,Zwei und zwei zusammen,,47659,99309,0,-1,0,0,0,0,0,0,0,0,0,0,37871,115,2437,0,3,34144512,0,0,0,0,0
71145,-1,Der Großmeister,,47664,99309,0,-1,0,0,0,0,0,0,0,0,0,0,37878,115,2437,0,3,34144512,0,0,0,0,0
71154,-1,Krallenwurf: Schießen 1x1,,47673,99309,0,-1,0,0,0,0,0,0,0,0,0,0,37892,109,2401,0,3,38338816,0,0,0,0,0
71156,-1,Rebellensorgen,,47675,99309,0,-1,0,0,0,0,0,0,0,0,0,0,37893,109,2437,0,3,34144512,0,0,0,0,0
71160,-1,Wasserbombe,,47678,99309,0,-1,0,0,0,0,0,0,0,0,0,200561,37894,109,2474,0,3,34144512,0,0,0,0,0
71164,-1,Gestohlene Verbände,,47681,99309,0,-1,0,0,0,0,0,0,0,0,0,0,37895,109,2437,0,3,34144512,0,0,0,0,0
71166,-1,Die älteste Libelle,,47683,99309,0,-1,0,0,0,0,0,0,0,0,0,0,37896,115,2437,0,3,590080,0,0,0,0,0
71180,-1,Ihr müsst irgendwo anfangen,,47696,99309,0,-1,0,0,0,0,0,0,0,0,0,0,37897,115,2437,0,3,34144512,0,0,0,0,0
71181,-1,Vergessene Grottenrelikte,,47697,99309,0,-1,0,0,0,0,0,0,0,0,0,0,37926,109,2437,0,3,38338816,8192,0,0,0,0
71200,-1,Tracking Quest,,47713,0,0,-1,0,0,0,0,0,0,0,0,0,0,0,0,0,0,3,33555464,0,8,0,0,0
71201,-1,Versteckspiel,,47714,99309,0,-1,0,0,0,0,0,0,0,0,0,0,37924,109,2474,0,3,34144512,0,0,0,0,0
71202,-1,Winziger Manageistnahkämpfer,,47715,99309,0,-1,0,0,0,0,0,0,0,0,0,0,37925,115,2437,0,3,590080,0,0,0,0,0
71204,-1,Tracking Quest,,47717,0,0,-1,0,0,0,0,0,0,0,0,0,0,0,0,0,0,3,33555464,0,8,0,0,0
71205,-1,Wassertuskarr,,47718,99309,0,-1,0,0,0,0,0,0,0,0,0,0,37927,109,2437,0,3,40435968,8192,0,0,0,0
71206,-1,Auge des Sturmlings,,47719,99309,0,-1,0,0,0,0,0,0,0,0,0,0,37928,115,2437,0,3,590080,0,0,0,0,0
71207,-1,Tracking Quest,,47720,0,0,-1,0,0,0,0,0,0,0,0,0,0,0,0,0,0,3,33555464,0,8,0,0,0
71208,-1,Tracking Quest,,47721,0,0,-1,0,0,0,0,0,0,0,0,0,0,0,0,0,0,3,33555464,0,8,0,0,0
71212,-1,Angriff auf die Brackenfelle,,47724,99309,0,-1,0,0,0,0,0,0,0,0,0,0,37482,136,2521,0,3,34144512,0,0,0,0,0
71214,-1,Rückeroberung der Kaskaden,,47726,99309,0,-1,0,0,0,0,0,0,0,0,0,0,37939,109,2437,0,3,38338816,8192,0,0,0,0
71215,-1,Tracking Quest,,47727,0,0,-1,0,0,0,0,0,0,0,0,0,0,0,0,0,0,3,33555464,0,8,0,0,0
71216,-1,Tracking Quest,,47728,0,0,-1,0,0,0,0,0,0,0,0,0,0,0,0,0,0,3,33555464,0,8,0,0,0
71217,-1,Tracking Quest,,47729,0,0,-1,0,0,0,0,0,0,0,0,0,0,0,0,0,0,3,33555464,0,8,0,0,0
71218,-1,Tracking Quest,,47730,0,0,-1,0,0,0,0,0,0,0,0,0,0,0,0,0,0,3,33555464,0,8,0,0,0
71220,-1,Tracking Quest,,47731,0,0,-1,0,0,0,0,0,0,0,0,0,0,0,0,0,0,3,33555464,0,8,0,0,0
71221,-1,Tracking Quest,,47732,0,0,-1,0,0,0,0,0,0,0,0,0,0,0,0,0,0,3,33555464,0,8,0,0,0
71222,-1,Tracking Quest,,47733,0,0,-1,0,0,0,0,0,0,0,0,0,0,0,0,0,0,3,33555464,0,8,0,0,0
71223,-1,Tracking Quest,,47734,0,0,-1,0,0,0,0,0,0,0,0,0,0,0,0,0,0,3,33555464,0,8,0,0,0
71224,-1,Tracking Quest,,47735,0,0,-1,0,0,0,0,0,0,0,0,0,0,0,0,0,0,3,33555464,0,8,0,0,0
71225,-1,Vom Winde verweht: Rhuzast,,47736,100571,0,-1,0,0,0,0,0,0,0,0,0,0,37975,113,2078,0,3,4784384,8192,0,0,0,0
71995,-1,Tracking Quest,,48509,0,0,-1,0,0,0,0,0,0,0,0,0,0,0,0,0,0,3,33555456,0,8,0,0,0
72008,-1,Den Berg besiegen: Krolkoth,,48522,100571,0,-1,0,0,0,0,0,0,0,0,0,0,37978,113,2078,0,3,4784384,8192,0,0,0,0
72019,-1,Den Feind durchschauen: Nezascar,,48533,100571,0,-1,0,0,0,0,0,0,0,0,0,0,37979,113,2078,0,3,4784384,8192,0,0,0,0
72022,-1,Angelwahnsinn!,,48536,104838,0,-1,0,0,0,0,0,0,0,0,0,0,38542,109,2437,0,3,34144512,0,0,0,0,0
72028,-1,Angelwahnsinn!,,48542,104839,0,-1,0,0,0,0,0,0,0,0,0,0,38543,109,2437,0,3,34144512,0,0,0,0,0
72029,-1,Angelwahnsinn!,,48543,104841,0,-1,0,0,0,0,0,0,0,0,0,0,38544,109,2437,0,3,34144512,0,0,0,0,0
72030,-1,Angelwahnsinn!,,48544,104842,0,-1,0,0,0,0,0,0,0,0,0,0,38545,109,2437,0,3,34144512,0,0,0,0,0
72050,-1,Balgar,,46599,0,0,-1,0,0,0,0,0,0,0,0,0,0,0,0,2437,0,3,34148352,0,0,0,0,0
72058,-1,Ist der Huf erst ruiniert: Tarolekk,,48569,100571,0,-1,0,0,0,0,0,0,0,0,0,0,37999,113,2535,0,3,4784384,8192,0,0,0,0
72061,-1,Sturmruferin Veldra,,48572,0,0,-1,0,0,0,0,0,0,0,0,0,0,0,0,2437,0,3,34148352,0,0,0,0,0
72068,-1,Unterstützung für das Abkommen: Ein Festmahl für alle,,47316,104426,0,-1,0,0,0,0,0,0,0,0,0,0,0,0,2437,0,2,36700232,0,776,0,0,0
72089,-1,Zum Himmelhochobservatorium,,48594,0,0,-1,0,0,0,0,0,0,0,0,0,0,0,265,2151,0,3,41418752,0,256,0,0,0
72090,-1,Primalistenpläne stören,,48595,99309,0,-1,0,0,0,0,0,0,0,0,0,0,38011,136,2521,0,3,35193088,0,0,0,0,0
72114,-1,Acrosoth,,48619,0,0,-1,0,0,0,0,0,0,0,0,0,0,0,0,2541,0,3,34144256,0,8,0,0,0
72116,-1,Liskron der Blendende,,48621,0,0,-1,0,0,0,0,0,0,0,0,0,0,0,0,2371,0,3,34144256,0,0,0,0,0
72121,-1,Der Große Panzerkhan,,48624,0,0,-1,0,0,0,0,0,0,0,0,0,0,0,0,2154,0,3,34144256,0,0,0,0,0
72126,-1,"Schlabbro, die unglaubliche Schnecke",,48629,0,0,-1,0,0,0,0,0,0,0,0,0,0,0,0,2523,0,3,34148352,0,0,0,0,0
72127,-1,Hauptmann Lancer,,48630,0,0,-1,0,0,0,0,0,0,0,0,0,0,0,0,2523,0,3,34148352,0,0,0,0,0
72128,-1,Enkine der Gefräßige,,48631,0,0,-1,0,0,0,0,0,0,0,0,0,0,0,0,2523,0,3,34148352,0,0,0,0,0
72130,-1,Vergessener Greif,,48633,0,0,-1,0,0,0,0,0,0,0,0,0,0,0,0,2523,0,3,34148352,0,0,0,0,0
72154,-1,Skag der Werfer,,48657,0,0,-1,0,0,0,0,0,0,0,0,0,0,37765,0,2153,0,3,34144256,0,0,0,0,0
72155,-1,Verbreitung der Verzauberung,,48658,104079,0,-1,0,0,0,0,0,0,0,0,0,0,37340,267,2164,0,2,264,1,2097664,0,0,0
72156,-1,Ein feuriger Flug,,48659,104085,0,-1,0,0,0,0,0,0,0,0,0,0,38069,267,2164,0,2,264,1,512,0,0,0
72157,-1,Das Gewicht der Erde,,48660,104085,0,-1,0,0,0,0,0,0,0,0,0,0,38070,267,2164,0,2,264,1,512,0,0,0
72158,-1,Eine dichte Lieferung,,48661,104086,0,-1,0,0,0,0,0,0,0,0,0,0,38072,267,2164,0,2,264,1,512,0,0,0
72159,-1,Wie Schuppen für die Augen,,48662,104086,0,-1,0,0,0,0,0,0,0,0,0,0,38073,267,2164,0,2,264,1,512,0,0,0
72172,-1,"Essenz, Splitter, und chromatischer Staub",,48675,104079,0,-1,0,0,0,0,0,0,0,0,0,0,37341,267,2164,0,2,264,1,512,0,0,0
72173,-1,Verzauberungen schienen nie gefragter zu sein,,48676,104079,0,-1,0,0,0,0,0,0,0,0,0,0,37342,267,2164,0,2,264,1,512,0,0,0
72175,-1,Eine szeptakuläre Zeit,,48678,104079,0,-1,0,0,0,0,0,0,0,0,0,0,37376,267,2164,0,2,264,1,2097664,0,0,0
72254,-1,Angler Tinnaks Geist,,48705,103663,0,-1,0,0,0,0,0,0,0,0,0,0,0,0,2437,0,3,34144256,0,0,0,0,0
72358,-1,Kaskade,,48807,0,0,-1,0,0,0,0,0,0,0,0,0,0,0,0,2153,0,3,34144256,0,0,0,0,0
72364,-1,Zarizz,,48813,0,0,-1,0,0,0,0,0,0,0,0,0,0,0,0,2152,0,3,34148352,0,0,0,0,0
72373,-1,Helft dem Abkommen: Die Jagd ist eröffnet,,47316,104427,0,-1,0,0,0,0,0,0,0,0,0,0,0,0,2437,0,2,36700232,0,776,0,0,0
72374,-1,Helft dem Abkommen: Drachenfluchfestung,,47316,104428,0,-1,0,0,0,0,0,0,0,0,0,0,0,0,2437,0,2,36700232,0,776,0,0,0
72375,-1,Helft dem Abkommen: Der Ruf der Inseln,,47316,104430,0,-1,0,0,0,0,0,0,0,0,0,0,0,0,2437,0,2,36700168,0,776,0,0,0
72396,-1,Fülle an Hörnern,,48839,101822,0,-1,0,0,0,0,0,0,0,0,0,0,38294,267,2164,0,2,33554696,0,512,0,0,0
72398,-1,Fels und Stein,,48841,101818,0,-1,0,0,0,0,0,0,0,0,0,0,38301,267,2164,0,2,33554696,0,512,0,0,0
72407,-1,Erfolgsgetränkt,,48850,101837,0,-1,0,0,0,0,0,0,0,0,0,0,38306,267,2164,0,2,33554696,0,512,0,0,0
72410,-1,"Viele Zangen, spitze Nadeln",,48853,101840,0,-1,0,0,0,0,0,0,0,0,0,0,38307,267,2164,0,2,33554696,0,512,0,0,0
72423,-1,Den Sturm überstehen,,48866,101820,0,-1,0,0,0,0,0,0,0,0,0,0,38308,267,2164,0,2,33554696,0,512,0,0,0
72427,-1,Belebte Infusion,,48870,101816,0,-1,0,0,0,0,0,0,0,0,0,0,38311,267,2164,0,2,33554696,0,512,0,0,0
72428,-1,Flunkerbunker,,48871,101836,0,-1,0,0,0,0,0,0,0,0,0,0,38315,267,2164,0,2,33554696,0,512,0,0,0
72438,-1,Absichten der Tarasek,,48879,101835,0,-1,0,0,0,0,0,0,0,0,0,0,38314,267,2164,0,2,33554696,0,512,0,0,0
72516,-1,Tracking Quest [DNT],,48958,0,0,-1,0,0,0,0,0,0,0,0,0,0,0,0,2424,0,3,33555456,128,8,0,0,0
72560,-1,Klettern,,48988,99239,0,-1,0,0,0,0,0,0,0,0,0,0,0,265,2523,0,3,36245504,0,12288,0,0,0
72646,-1,Funken des Lebens: Küste des Erwachens,,49050,104670,0,-1,0,0,0,0,0,0,0,0,0,0,38442,0,2437,0,2,33554440,8192,776,0,0,0
72647,-1,Funken des Lebens: Ebenen von Ohn'ahra,,49051,104670,0,-1,0,0,0,0,0,0,0,0,0,0,38443,0,2437,0,2,33554440,8192,776,0,0,0
72648,-1,Funken des Lebens: Azurblaues Gebirge,,49052,104670,0,-1,0,0,0,0,0,0,0,0,0,0,38444,0,2437,0,2,33554440,8192,776,0,0,0
72649,-1,Funken des Lebens: Thaldraszus,,49053,104670,0,-1,0,0,0,0,0,0,0,0,0,0,38445,0,2437,0,2,33554440,8192,776,0,0,0
72686,-1,Sturmwoge,,49089,103742,0,-1,0,0,0,0,0,0,0,0,0,0,37047,0,2078,0,2,8,0,512,0,0,0
72783,-1,Handwerksaufträge,,49183,0,0,-1,0,0,0,0,0,0,0,0,0,0,0,0,2401,0,2,39911424,8192,512,70633,0,0
73864,-1,Tracking Quest,,49960,0,0,-1,0,0,0,0,0,0,0,0,0,0,0,265,2424,0,3,33619968,128,0,0,0,0
